VTuber ID,Video Type,Title,Publish Time,URL,Thumbnail URL
887b37336c9c4730809ace8b5e38df17,live,恐怖👻錄像帶🎀訂閱達標抽周邊✦ ６月桌布DC領取‿୨୧,2024-06-07T22:07:00Z,https://www.twitch.tv/isyourlulu,https://static-cdn.jtvnw.net/previews-ttv/live_user_isyourlulu-{width}x{height}.jpg
28a930938667442288010b333937e2ab,live,【焦兒】哇操兄弟太猛烈了｜魚池有30/50MyCard可以拿｜🍫衝刺350自主訂閱積分💙魔競娛樂「魔儲」註冊輸入推薦碼享200元折價| @joerze |!yt !工商 !dc 看台裝7tv,2024-06-08T04:00:16Z,https://www.twitch.tv/joerze,https://static-cdn.jtvnw.net/previews-ttv/live_user_joerze-{width}x{height}.jpg
c2777df3c8d341f4a1f0bb9cda8d9365,live,20240608 | 柒夜 @chi_ya_ouo  | - | 把東西畫完,2024-06-08T06:20:50Z,https://www.twitch.tv/chi_ya_ouo,https://static-cdn.jtvnw.net/previews-ttv/live_user_chi_ya_ouo-{width}x{height}.jpg
67d6807619064938a78832b4106de5c0,live,【雙人加班台】又是一個美好的早晨～可是下午要同步視聽咒，哭啊！ ft. 喪屍迪 @siaodi12398,2024-06-08T06:32:15Z,https://www.twitch.tv/chengmimeow,https://static-cdn.jtvnw.net/previews-ttv/live_user_chengmimeow-{width}x{height}.jpg
53707f0116dc4fca8614ac7139e40b83,live,【兄妹加班台#224】六月休閒：創造屬於自己的故事！成為生活中的導演！化身超級英雄登場加班台宇宙！【喪屍迪】Ft.  @chengmimeow,2024-06-08T06:32:20Z,https://www.twitch.tv/siaodi12398,https://static-cdn.jtvnw.net/previews-ttv/live_user_siaodi12398-{width}x{height}.jpg
ff88906b47654805b8370426415f1183,live,▌0608【工作 | 畫圖】玩完畫圖 | 幫我當掛台機器人 嗶啵嗶啵 | !dc | @fuutaisbest,2024-06-08T09:06:42Z,https://www.twitch.tv/fuutaisbest,https://static-cdn.jtvnw.net/previews-ttv/live_user_fuutaisbest-{width}x{height}.jpg
a83b6d485350402b90238deb371ae654,live,【夢娜】二週年加班台開始~ !加班 !同樂加時【加班台Day286】【歡迎掛台】,2024-06-08T12:06:01Z,https://www.twitch.tv/monna_nana,https://static-cdn.jtvnw.net/previews-ttv/live_user_monna_nana-{width}x{height}.jpg
5535c9524eb046c38e172ebfa06b302f,live,🔴【星穹鐵道】音樂台+作業台  ▹ @ruroroisme ◃ ｜UID安心儲值→ !LD(端午節折價券) !曼德洛(10單送月卡),2024-06-08T12:46:25Z,https://www.twitch.tv/ruroroisme,https://static-cdn.jtvnw.net/previews-ttv/live_user_ruroroisme-{width}x{height}.jpg
47d591738d2449a496e7ce140b539662,live,【加班】我快開完了 相信我寶貝,2024-06-08T13:24:46Z,https://www.twitch.tv/geli0725,https://static-cdn.jtvnw.net/previews-ttv/live_user_geli0725-{width}x{height}.jpg
c9ece3513c804b3db003cd8fca683857,live,【RAFT漂流撥放音樂中／黑沙掛機釣魚／#搬家後的每日活下去07】歡迎大家掛台掉寶，主播去睡覺了  //!綠界 !七夕 !dc !周邊 !魔儲 !李賴虎podcast //【@re_winnie】,2024-06-08T13:27:57Z,https://www.twitch.tv/re_winnie,https://static-cdn.jtvnw.net/previews-ttv/live_user_re_winnie-{width}x{height}.jpg
bf03fd8b5b55481590ea63338c5cdd20,live,6/9 !加班day201 / 揪團每10人2分 / !DC / @komorikuma_vtuber / 7tv++,2024-06-08T13:50:27Z,https://www.twitch.tv/komorikuma_vtuber,https://static-cdn.jtvnw.net/previews-ttv/live_user_komorikuma_vtuber-{width}x{height}.jpg
42844ee6e0cc47938829b43a3101b9bb,live,6/9『加班台啟動！』運睡覺【抖內活動到6/30 打 !轉盤】 @lusaminach,2024-06-08T16:30:34Z,https://www.twitch.tv/lusaminach,https://static-cdn.jtvnw.net/previews-ttv/live_user_lusaminach-{width}x{height}.jpg
17946118c2d641819c847aba0c491e13,live,【九笙】掛台抽MYCARD 拚勾勾感謝各位幫掛台~| ✧ 0609 @kyusho9999 |自主訂閱告急！|,2024-06-08T19:17:49Z,https://www.twitch.tv/kyusho9999,https://static-cdn.jtvnw.net/previews-ttv/live_user_kyusho9999-{width}x{height}.jpg
e18c43e19e9b4fc8af0cdc24c33ae476,live,0608 | 嘟嘟幫我扁 @pqow1112 | 資訊欄可以玩聲音 | !掛台要5%音量<3 !dc 我婆 @hananekohime,2024-06-08T20:18:59Z,https://www.twitch.tv/hedgehog259,https://static-cdn.jtvnw.net/previews-ttv/live_user_hedgehog259-{width}x{height}.jpg
5f68c9b585ad40c0ada7697c9b7f5055,live,06/09 | Day39 | 釣魚 !加班台 +7tv !賭 推薦自主訂閱 | @lino_0606,2024-06-08T21:12:30Z,https://www.twitch.tv/lino_0606,https://static-cdn.jtvnw.net/previews-ttv/live_user_lino_0606-{width}x{height}.jpg
f7c48554816643cdb8d343e6e9e6d313,live,【RELIVE_諾櫻NOE🌸】偷偷的 ❤ !魔儲 !3D募資,2024-06-08T22:06:30Z,https://www.twitch.tv/re_noe_,https://static-cdn.jtvnw.net/previews-ttv/live_user_re_noe_-{width}x{height}.jpg
6bb236447ed9412a98c9b2d7c9069e10,live,【熊貓】06/09 早安~開練 ｜!釣魚｜!餅乾｜!r15福利圖｜!r18｜本日推推： @redoolong ｜Ft：,2024-06-08T22:42:08Z,https://www.twitch.tv/panda0219work,https://static-cdn.jtvnw.net/previews-ttv/live_user_panda0219work-{width}x{height}.jpg
aef2ed42d49343f28394b6335695b5ac,live,原神，晚上10點東京鬼線，二周年Q&A、3000追抽10個香沄周邊&隨機親筆簽名~ 0609,2024-06-08T23:28:56Z,https://www.twitch.tv/yuncream,https://static-cdn.jtvnw.net/previews-ttv/live_user_yuncream-{width}x{height}.jpg
76a17ecab93c4c3db069c9a5d8d0ecf5,live,【茶米醬🍮】6/9 今天是六月九日 九日#1｜歡迎聊天掛台,2024-06-08T23:44:50Z,https://www.twitch.tv/chiami911,https://static-cdn.jtvnw.net/previews-ttv/live_user_chiami911-{width}x{height}.jpg
80dda735a7784d7fb999892874a05f0c,live,〈貓貓陪伴台〉唱歌+聊天，晚點鬥陣通行證ヽ(^‥^=ゞ) 🎀 !週邊 @tsume_neko ⚝ 帥哥美女請來幫爪爪掛台∥拚紫勾∥六月假全職Vtuber,2024-06-09T01:56:08Z,https://www.twitch.tv/tsume_neko,https://static-cdn.jtvnw.net/previews-ttv/live_user_tsume_neko-{width}x{height}.jpg
663275f544cb427c85f2adde495e7f00,live,緋奈ひなつ♡⊂在麥塊裡玩寶可夢是種甚麼體驗｜7、8月有活動建議先掛忠誠｜好想被訂閱砸臉臉><｜ @hina_413 ｜!Twitter !釣魚｜,2024-06-09T02:00:17Z,https://www.twitch.tv/hina_413,https://static-cdn.jtvnw.net/previews-ttv/live_user_hina_413-{width}x{height}.jpg
2bffdc20e3cb48de9bf46600f62d248e,live,【VALORANT】6/9 排位【冬夜Toya】,2024-06-09T02:05:17Z,https://www.twitch.tv/natsutoya,https://static-cdn.jtvnw.net/previews-ttv/live_user_natsutoya-{width}x{height}.jpg
480aca28939a4eb5bf558a710e21709c,live,打,2024-06-09T02:14:45Z,https://www.twitch.tv/siyuandao,https://static-cdn.jtvnw.net/previews-ttv/live_user_siyuandao-{width}x{height}.jpg
5507154831064d69906acc64c76b1c99,live,【四巳44】過勾感謝拔旗 24 小時耐久台！斷線重開｜0609｜ !周邊 !紫勾 !周年｜ @44yomi44,2024-06-09T02:26:25Z,https://www.twitch.tv/44yomi44,https://static-cdn.jtvnw.net/previews-ttv/live_user_44yomi44-{width}x{height}.jpg
843d99233b474827a2f0bc417ffd3852,live,【抹茶】06/09｜是快樂69日耶ε(*´･∀･｀)зﾞ 拚紫勾勾幫掛台感謝 ♡ 自主訂閱｜ @isuzumaccha ｜!魔儲 !委託 🍵 #茶室營業中,2024-06-09T03:03:43Z,https://www.twitch.tv/isuzumaccha,https://static-cdn.jtvnw.net/previews-ttv/live_user_isuzumaccha-{width}x{height}.jpg
3a932cc8813343b6bb5d822cb2f53558,live,【6/9】阿巴阿巴 !生日 !週邊 !訂閱禮【VTuber/ 娜歐蜜】,2024-06-09T03:12:35Z,https://www.twitch.tv/naomi_vtuber,https://static-cdn.jtvnw.net/previews-ttv/live_user_naomi_vtuber-{width}x{height}.jpg
19a2801d800547e58c6560aa1accf3e4,live,[Valorant] 希望今天能快樂的打瓦 ! !  #瓦羅蘭 #特戰英豪 #valorant  #觀眾場,2024-06-09T03:24:23Z,https://www.twitch.tv/cio831022,https://static-cdn.jtvnw.net/previews-ttv/live_user_cio831022-{width}x{height}.jpg
f1d9ff59d3d74b0ebb4268de53698dbf,live,【葙砡】6/8 修影片(๑´ㅂ`๑)修完再玩`д´-｜,2024-06-09T03:26:59Z,https://www.twitch.tv/hsiang_vi,https://static-cdn.jtvnw.net/previews-ttv/live_user_hsiang_vi-{width}x{height}.jpg
0572bddb85b24166820f34f39164f99c,live,【⑨②＊】阿巴阿巴 |  ˙ฅ^•ﻌ•^ฅ,2024-06-09T03:32:10Z,https://www.twitch.tv/nininaowo,https://static-cdn.jtvnw.net/previews-ttv/live_user_nininaowo-{width}x{height}.jpg
f479e1403f614727a5f2a2be339bad74,live,0609【加班day7】今天繼續!AOF7!蓋房子! 指令 !加班 !免費轉盤 !加班轉盤 @chalortti,2024-06-09T03:32:28Z,https://www.twitch.tv/chalortti,https://static-cdn.jtvnw.net/previews-ttv/live_user_chalortti-{width}x{height}.jpg
fdb0805c65e24f13b7f23e50e0db8ae2,live,🔴【自訂觀眾場】♡早灣我剛醒~今晚慶生線下聚 ✧拚紫勾掛台換$10000、Steam 1000抽獎券✧ | @lunymeow_tw,2024-06-09T03:33:11Z,https://www.twitch.tv/lunymeow_tw,https://static-cdn.jtvnw.net/previews-ttv/live_user_lunymeow_tw-{width}x{height}.jpg
c29bc8bf78dd417980491f19333c8fa2,live,⓿❻⓿❾│美味兔堡 @muling0606 │你們放假我工作│美味兔堡套組通販│!魔儲 !周邊 !兔肉│工作中回應聊天室慢請見諒│,2024-06-09T03:56:04Z,https://www.twitch.tv/muling0606,https://static-cdn.jtvnw.net/previews-ttv/live_user_muling0606-{width}x{height}.jpg
8746bf3b3b5843e7b00f6ec23fefb6b1,live,羿體要滿出來了 | 魔儲代碼 9487,2024-06-09T03:59:56Z,https://www.twitch.tv/kokuyoku_hyolan,https://static-cdn.jtvnw.net/previews-ttv/live_user_kokuyoku_hyolan-{width}x{height}.jpg
7531ceacd52e43b4a29ba4dc18a3f56c,live,»早 ▫ !降落轉盤 !醜 ▫ 𝟘𝟞𝟘𝟡,2024-06-09T04:00:38Z,https://www.twitch.tv/aliengee,https://static-cdn.jtvnw.net/previews-ttv/live_user_aliengee-{width}x{height}.jpg
ebe5c5f9d67f44f3bc5e70b413ce9df7,live,【0609】周末 雨超大的你們那邊有下嗎？  @ekorru !深度 !抖內 !指令 !YT !dc !晚餐 可以用7tv唷【依可露】,2024-06-09T04:06:36Z,https://www.twitch.tv/ekorru,https://static-cdn.jtvnw.net/previews-ttv/live_user_ekorru-{width}x{height}.jpg
63a55bc5320e4f148ed0abd7991b0e01,live,蕾妮｜06/09 端午節就是要睡爛阿，今天繼續當獵人 !cover !周邊 !鴞災,2024-06-09T04:10:13Z,https://www.twitch.tv/reneesnowy,https://static-cdn.jtvnw.net/previews-ttv/live_user_reneesnowy-{width}x{height}.jpg
6c7336d4605540c6871de5f96874129c,live,·̩͙꒰ 能不能粽意我 ꒱·̩͙  | !魔儲 !甜點  @mibao1013,2024-06-09T04:38:11Z,https://www.twitch.tv/mibao1013,https://static-cdn.jtvnw.net/previews-ttv/live_user_mibao1013-{width}x{height}.jpg
72a83f60773546dba886008320809d70,live,06/09【唱歌/聊天/痊癒中】好忙好忙好忙！ 指令：!粽斜 !收音雞 !歌單 !耳機,2024-06-09T04:50:02Z,https://www.twitch.tv/yedda970,https://static-cdn.jtvnw.net/previews-ttv/live_user_yedda970-{width}x{height}.jpg
28e6f7c12a3b45899e7508058f926af9,live,[Drops掉寶] 6/9 34+35 | @phivy | 點歌!sr !棉花糖 !dc【國/粵/ENG】,2024-06-09T04:51:06Z,https://www.twitch.tv/phivy,https://static-cdn.jtvnw.net/previews-ttv/live_user_phivy-{width}x{height}.jpg
c08ae8d7412d407c8b233f6e445d081c,live,Warcraft III,2024-06-09T04:54:23Z,https://www.twitch.tv/bk20112,https://static-cdn.jtvnw.net/previews-ttv/live_user_bk20112-{width}x{height}.jpg
256252fdd3d1437995088c56e674fcf0,live,【波利】假日悠閒練等嘍~ (新手)  |初見歡迎  |指令: !DC !吃 !喝 !吉他 !想吃,2024-06-09T04:59:53Z,https://www.twitch.tv/seto_m_setekh,https://static-cdn.jtvnw.net/previews-ttv/live_user_seto_m_setekh-{width}x{height}.jpg
ff1dd127b71b4c3597dcb53c47782994,live,套組今天預購截止 !加班 !初見安安  !我愛你【青燈】 @q_ingdeng,2024-06-09T05:00:07Z,https://www.twitch.tv/q_ingdeng,https://static-cdn.jtvnw.net/previews-ttv/live_user_q_ingdeng-{width}x{height}.jpg
7a5f358662cc4ba6bfe35586eb344bd3,live,6/9 好欸!Hivebee過審了!我們有新的抖內地方了! !抖內,2024-06-09T05:02:22Z,https://www.twitch.tv/angeldevil041,https://static-cdn.jtvnw.net/previews-ttv/live_user_angeldevil041-{width}x{height}.jpg
a8bee4c680a54cf29b34d90bf7230ab1,live,【JP+CN】咩 @kohi0501,2024-06-09T05:02:51Z,https://www.twitch.tv/kohi0501,https://static-cdn.jtvnw.net/previews-ttv/live_user_kohi0501-{width}x{height}.jpg
44f1d1ad14034bd3949ad6f84624f0e4,live,【嘻希呦】畫完圖休息一下_文字獄 | DJ Time 🪼 !yt !dc,2024-06-09T05:03:30Z,https://www.twitch.tv/shiki_nzm,https://static-cdn.jtvnw.net/previews-ttv/live_user_shiki_nzm-{width}x{height}.jpg
a0467c81a3014fbf83029acffe5b1d3f,live,【倒楣穿山甲NAJA】7TV !fb!辣妹立牌,2024-06-09T05:07:18Z,https://www.twitch.tv/najathepangolin,https://static-cdn.jtvnw.net/previews-ttv/live_user_najathepangolin-{width}x{height}.jpg
6073eb006b764614915e90b5c54ce7e6,live,6/9 最近搬家後在重設電腦所以很少開 !ER九宮格 !魔儲┃掛台感謝♡ @enola0305 ｜愛諾拉ღ,2024-06-09T05:07:22Z,https://www.twitch.tv/enola0305,https://static-cdn.jtvnw.net/previews-ttv/live_user_enola0305-{width}x{height}.jpg
1a95847597f04ae39d6f0d9caba04a5f,live,【聊雜】好久不見之開，端午節快樂💚,2024-06-09T05:13:58Z,https://www.twitch.tv/kikirara22,https://static-cdn.jtvnw.net/previews-ttv/live_user_kikirara22-{width}x{height}.jpg
c7f53f2fbdbe4db488629ab4d738a16a,live,❤️星露谷/RO❤️養生WWWWW ft.,2024-06-09T05:17:42Z,https://www.twitch.tv/yanyuanxi,https://static-cdn.jtvnw.net/previews-ttv/live_user_yanyuanxi-{width}x{height}.jpg
904f58005872497b82964fff25490152,live,【週末突發台】小小推進劇情《聖獸之王》【伊利希恩】,2024-06-09T05:19:37Z,https://www.twitch.tv/elysiumlica,https://static-cdn.jtvnw.net/previews-ttv/live_user_elysiumlica-{width}x{height}.jpg
e66d389ebb604096bfa99178e1a13c27,live,【#楓之谷】繼續來跑劇情囉✨｜阿爾西婭．幽梨雅🌺,2024-06-09T05:22:36Z,https://www.twitch.tv/altheayolia,https://static-cdn.jtvnw.net/previews-ttv/live_user_altheayolia-{width}x{height}.jpg
46a16e41f2af4523adeb4556f2e0b0d5,live,[國/粵] 6/9  ♥ ♥ ٩(๑´д`๑)۶ﻌﻌﻌ ♥ ❤︎,2024-06-09T05:22:45Z,https://www.twitch.tv/gogo_1205,https://static-cdn.jtvnw.net/previews-ttv/live_user_gogo_1205-{width}x{height}.jpg
edf9e466820347828b0d2d10e5e9bb72,live,【Monster hunter：Rise】  努力打龍！[星月櫻奈],2024-06-09T05:29:21Z,https://www.twitch.tv/shinyueyingni,https://static-cdn.jtvnw.net/previews-ttv/live_user_shinyueyingni-{width}x{height}.jpg
6b36f446b10e4ea99d5d80d60beeee21,live,一眨眼，半年了 || !socials !yt !tiktok,2024-06-09T05:31:18Z,https://www.twitch.tv/venicec,https://static-cdn.jtvnw.net/previews-ttv/live_user_venicec-{width}x{height}.jpg
32b83b466c11418bb380623a95944302,live,禮拜天就是要工作啊【無界V】,2024-06-09T05:34:00Z,https://www.twitch.tv/mao_mukai,https://static-cdn.jtvnw.net/previews-ttv/live_user_mao_mukai-{width}x{height}.jpg
bc500108607f4b7d87f3effce3ab5fc5,live,突發!久違的雀魂!,2024-06-09T05:39:25Z,https://www.twitch.tv/moxoffice,https://static-cdn.jtvnw.net/previews-ttv/live_user_moxoffice-{width}x{height}.jpg
40a4357f990e4fd8ad2ac18c26603925,live,《神社仕事中》放假DAY2~  方陣3.0四象走起 GBF,2024-06-09T05:44:39Z,https://www.twitch.tv/yushenmizi,https://static-cdn.jtvnw.net/previews-ttv/live_user_yushenmizi-{width}x{height}.jpg
9d9c6477329245cbb2557895f4f15686,live,/ᐠ. ̫ .ᐟ\ 0609 我在5:20睡覺13:14準時起  ⸜♡⸝ 乙T真的很好穿耶 .ᐟ.ᐟ !YT !LINE !手機殼 !周邊,2024-06-09T05:45:16Z,https://www.twitch.tv/iitifox,https://static-cdn.jtvnw.net/previews-ttv/live_user_iitifox-{width}x{height}.jpg
ca8d038d311e4cccb2deded15cee89cd,live,「星海爭霸2_合作參加型」練一下泰科斯跟史旺的等級(20240609),2024-06-09T05:45:16Z,https://www.twitch.tv/kamiyamaszn,https://static-cdn.jtvnw.net/previews-ttv/live_user_kamiyamaszn-{width}x{height}.jpg
5f8e197a06bc453e8d9e0a1c6cb92f1c,live,【咕咕嚕諾姆】| 【九日】Vol.2 好好玩內 🥐20240609🥐 @gurugnome,2024-06-09T05:53:15Z,https://www.twitch.tv/gurugnome,https://static-cdn.jtvnw.net/previews-ttv/live_user_gurugnome-{width}x{height}.jpg
7c06b9e316ce4ac18ce836cd72442bbe,live,終於可以讓我69了吧 !sl、!周邊、!dc、!斗內、!YT、!推特、!點歌、!新歌、!募集、!IG,2024-06-09T05:59:06Z,https://www.twitch.tv/mizukimilk723,https://static-cdn.jtvnw.net/previews-ttv/live_user_mizukimilk723-{width}x{height}.jpg
4a64836a88024358a7401530fed8e0f8,live,【EPO】6/9🍎回歸Day14｜歌回不留檔,2024-06-09T06:00:37Z,https://www.twitch.tv/epo_live,https://static-cdn.jtvnw.net/previews-ttv/live_user_epo_live-{width}x{height}.jpg
896f74ae454b42a890e413bddc690335,live,瑪C到底行步行~ 鞭打魔物邊統計步數【瑪琋霓‧索蕾 Marcinee Soleil🍔】#瑪C [中/EN OK!] #初見歡迎,2024-06-09T06:01:30Z,https://www.twitch.tv/marcinee_soleil,https://static-cdn.jtvnw.net/previews-ttv/live_user_marcinee_soleil-{width}x{height}.jpg
dd9bf471b0304627877f38daaec5407b,live,賭注獎勵 女鬼橋2/歡迎聊天/輕鬆休閒/歡迎聊天【歡迎~追隨與訂閱或掛台】,2024-06-09T06:03:20Z,https://www.twitch.tv/ola_bear,https://static-cdn.jtvnw.net/previews-ttv/live_user_ola_bear-{width}x{height}.jpg
df02d1a89bc74c928c825773996bbb7b,live,【06/09】下午聊天時間,2024-06-09T06:04:04Z,https://www.twitch.tv/miamo818,https://static-cdn.jtvnw.net/previews-ttv/live_user_miamo818-{width}x{height}.jpg
7a8c9d29e4f44a1489379cbc04f81fce,live,【Wuthering Waves】哇潮 原    !DC,2024-06-09T06:05:13Z,https://www.twitch.tv/foxing_zzz,https://static-cdn.jtvnw.net/previews-ttv/live_user_foxing_zzz-{width}x{height}.jpg
1937fa889b474d339713d1117f435018,live,6/9 挖眼睛  @vt_alisa,2024-06-09T06:06:11Z,https://www.twitch.tv/vt_alisa,https://static-cdn.jtvnw.net/previews-ttv/live_user_vt_alisa-{width}x{height}.jpg
5cb1c062f5f94b44a41ae658f4a53f0c,live,【悠真】日K環節  | !dc !7tv | @kuronoyuma [6/9],2024-06-09T06:11:28Z,https://www.twitch.tv/kuronoyuma,https://static-cdn.jtvnw.net/previews-ttv/live_user_kuronoyuma-{width}x{height}.jpg
c747687c19704747b4cae2d4d5715aa0,live,【6/9】錯亂  !魔儲 !請支援輸贏,2024-06-09T06:16:32Z,https://www.twitch.tv/ucnya,https://static-cdn.jtvnw.net/previews-ttv/live_user_ucnya-{width}x{height}.jpg
31a4ca5b5d554c13902eff32302e5eb9,live,【死亡擱淺】今天玩累了就休息|6/30活動：Cover釋出&2.0幕後新密大公開，千追立旗肯定是浮雲|,2024-06-09T06:29:38Z,https://www.twitch.tv/chiyouboss,https://static-cdn.jtvnw.net/previews-ttv/live_user_chiyouboss-{width}x{height}.jpg
626750f4e7a745619c171c44fb1efcc0,live,0609 15:00皇輿爭霸dominion ~ 挑戰成為台V最多髮型的女人٩(´ᗜ`*)୨【天使Vtuber小雪Yukichan】#台灣Vtuber #Vtuber !魔儲,2024-06-09T06:30:12Z,https://www.twitch.tv/hosinoyasetsu,https://static-cdn.jtvnw.net/previews-ttv/live_user_hosinoyasetsu-{width}x{height}.jpg
9af7c10c618844f08a327d38753124bd,live,【酒樂霧子】0609 | 邊吃午餐邊支線GOGO | !7tv !yt !會員 !指令 !嗨嗶,2024-06-09T06:31:07Z,https://www.twitch.tv/shurakukiriko,https://static-cdn.jtvnw.net/previews-ttv/live_user_shurakukiriko-{width}x{height}.jpg
a127ff7335ae467d961641bcf84f1e2f,live,【傻摩】APEX回鍋開戳！請問這遊戲怎麼玩？ | 沒砸砸 | 掛台1%感謝 | 6/９ !dc !魔儲 !艾摩台詞回,2024-06-09T06:33:58Z,https://www.twitch.tv/samomeow,https://static-cdn.jtvnw.net/previews-ttv/live_user_samomeow-{width}x{height}.jpg
8b810380ed254a5e8a85b65552ba4e61,live,୧ ‧₊˚ 🐇 ⋅ ☆ 06/09 開台小爬 瞄頭不對就關!｜!VIP !買動漫 !蝦皮 !魔儲,2024-06-09T06:38:25Z,https://www.twitch.tv/nayomi0204,https://static-cdn.jtvnw.net/previews-ttv/live_user_nayomi0204-{width}x{height}.jpg
170e76a9d21c42978143f41526df72cc,live,"我就發個呆-歡迎入內聊天,本公主很好相處的www",2024-06-09T06:41:12Z,https://www.twitch.tv/princesseleanora,https://static-cdn.jtvnw.net/previews-ttv/live_user_princesseleanora-{width}x{height}.jpg
c51f84b3ec9c4501a364a6a4982fa284,live,【中文/English】鳴後再看看 晚上大富翁 !7tv !魔儲 | 左右聲道直播 ｜🌪風絮 @fengxu_vt,2024-06-09T06:57:04Z,https://www.twitch.tv/fengxu_vt,https://static-cdn.jtvnw.net/previews-ttv/live_user_fengxu_vt-{width}x{height}.jpg
0bf305da1ec14c5c8447b9a007bc81f6,live,【女鬼橋2：釋魂路】part1.總之先前進吧！,2024-06-09T06:58:20Z,https://www.twitch.tv/uzukirinto0217,https://static-cdn.jtvnw.net/previews-ttv/live_user_uzukirinto0217-{width}x{height}.jpg
ffdc53dc3c764656a2f76031ee262b60,live,✵ Lost Ark ✵94小開一下【VIA】,2024-06-09T06:58:41Z,https://www.twitch.tv/viavia1128,https://static-cdn.jtvnw.net/previews-ttv/live_user_viavia1128-{width}x{height}.jpg
75b388425b774a9f99a4483e295a13f0,live,好久沒在twitch打遊戲啦!!!【溫柔系男聲】【大部分直播都在YT呦】,2024-06-09T06:59:12Z,https://www.twitch.tv/mohan_vtuber,https://static-cdn.jtvnw.net/previews-ttv/live_user_mohan_vtuber-{width}x{height}.jpg
a6815e229f914db2a936ad70c285cea2,live,下午塔 狐狐帶路 |【小月月 | @small_moonmoon 】,2024-06-09T06:59:27Z,https://www.twitch.tv/small_moonmoon,https://static-cdn.jtvnw.net/previews-ttv/live_user_small_moonmoon-{width}x{height}.jpg
fa83a68ebfff419983124d69373ede6f,live,【𝟲/𝟵🍁熊野紅葉】久違的紅葉森林午後時光！🔎!DC🔎!Line貼圖,2024-06-09T07:01:52Z,https://www.twitch.tv/momiji_thebear,https://static-cdn.jtvnw.net/previews-ttv/live_user_momiji_thebear-{width}x{height}.jpg
7badd33c853240e280db61899f381ff2,live,【工作台 隨時鬼轉】工作台，隨時鬼轉【鵺囹Nue】,2024-06-09T07:02:04Z,https://www.twitch.tv/yelingdehuliwo,https://static-cdn.jtvnw.net/previews-ttv/live_user_yelingdehuliwo-{width}x{height}.jpg
4571c7a211b945f3b608c0066f7e73e4,live,【劍星 豪華版】今天是解咨線戰士💪想再多做新衣衣😍PS5獨家首發遊戲🤩Stellar Blade【#咨播惹】,2024-06-09T07:02:18Z,https://www.twitch.tv/zizi0218520,https://static-cdn.jtvnw.net/previews-ttv/live_user_zizi0218520-{width}x{height}.jpg
accb26f2db2746e898b68ab07dd3c5bc,live,【VTuber薰雪珞】N.1105突發、「麗莎生日快樂！」「安固諸方之述演活動繼續然後開找水神瞳～！」多平台遊戲：原神。（!LDShop）(訂閱無廣告)(啟用掉寶),2024-06-09T07:03:06Z,https://www.twitch.tv/xunshueluo,https://static-cdn.jtvnw.net/previews-ttv/live_user_xunshueluo-{width}x{height}.jpg
0448e6929687421c9e0435832765b9fe,live,6/9 亞V盃團練！｜!新cover｜看台記得裝7tv！｜w/鄲森、桃子味湯圓,2024-06-09T07:03:26Z,https://www.twitch.tv/ryoueg,https://static-cdn.jtvnw.net/previews-ttv/live_user_ryoueg-{width}x{height}.jpg
4859b57db8e043f1965e56324f137097,live,06/09｜快要暴斃了 現在要幹嘛?｜!魚 !魔儲 !dc !抖影片,2024-06-09T07:08:54Z,https://www.twitch.tv/lingna0,https://static-cdn.jtvnw.net/previews-ttv/live_user_lingna0-{width}x{height}.jpg
eb54f557a3734bfda57ecddd8df07681,live,【Cuphead】今天能通過幾個關卡呢？一切靠兔兔 Carry✨✨ ft.兔仔蘿蔔糕 @twolobocake 【Axi 阿克西】,2024-06-09T07:08:55Z,https://www.twitch.tv/axixx_axi,https://static-cdn.jtvnw.net/previews-ttv/live_user_axixx_axi-{width}x{height}.jpg
64c779f8cc214e7a9b570c7b3fc128cc,live,【利卡洛斯🪽】6/9 今日九日，玩九日。@l1karuz | !YT !綠界,2024-06-09T07:12:37Z,https://www.twitch.tv/l1karuz,https://static-cdn.jtvnw.net/previews-ttv/live_user_l1karuz-{width}x{height}.jpg
46a8009adbca4aa083af580b50b69306,live,[Vtuber大師] 端午連假 看能不能把剩下兩位的大師模式也通關~,2024-06-09T07:15:03Z,https://www.twitch.tv/nekomatasama,https://static-cdn.jtvnw.net/previews-ttv/live_user_nekomatasama-{width}x{height}.jpg
9deb096c2fb943a7ae7487bf25e28026,live,【節奏醫生/Rhythm Doctor】出新章節 來玩一下【漣玥Lenyueh】,2024-06-09T07:25:42Z,https://www.twitch.tv/lenyueh,https://static-cdn.jtvnw.net/previews-ttv/live_user_lenyueh-{width}x{height}.jpg
9a7b7c9c31da44aca5a68395a2e69488,live,新感覚！無声透明Vtuber放送中,2024-06-09T07:25:53Z,https://www.twitch.tv/trombeningen,https://static-cdn.jtvnw.net/previews-ttv/live_user_trombeningen-{width}x{height}.jpg