VTuber ID,Video Type,Title,Publish Time,URL,Thumbnail URL
8ae87582ab1e4b31bfd38310afda77bd,live,9/05 ✟睡覺～晚安～我起床見～✞《睡覺》（不留檔）,2023-09-03T17:57:06Z,https://www.twitch.tv/karit0920,https://static-cdn.jtvnw.net/previews-ttv/live_user_karit0920-{width}x{height}.jpg
887b37336c9c4730809ace8b5e38df17,live,颱風天🌀進來報平安 6點🌲冒險 - ̗̀♡ ̖́-︎︎ Drop掉寶🎁 @isyourlulu ꕤ 新照片📷 (ᕑᗢᓫ∗)˒,2023-09-03T23:19:52Z,https://www.twitch.tv/isyourlulu,https://static-cdn.jtvnw.net/previews-ttv/live_user_isyourlulu-{width}x{height}.jpg
3750eae778e9453eaeee75956a8dabc6,live,【✦𝟎𝟗𝟎𝟑】FAFA台 好忙好忙，第38天加班台 / 追隨一律感謝 / !DC !芒化 !坐,2023-09-04T08:21:05Z,https://www.twitch.tv/mangxiang782,https://static-cdn.jtvnw.net/previews-ttv/live_user_mangxiang782-{width}x{height}.jpg
6c7336d4605540c6871de5f96874129c,live,訂閱一下可以... ⭐️!網聚 !生日 !月餅 !自主訂閱  @meime033,2023-09-04T23:33:06Z,https://www.twitch.tv/meime033,https://static-cdn.jtvnw.net/previews-ttv/live_user_meime033-{width}x{height}.jpg
2e266a71aa3d4a67bb8d9a2a0b573319,live,【仔魚】09/05  @ZIIFISH,2023-09-05T01:46:58Z,https://www.twitch.tv/ziifish,https://static-cdn.jtvnw.net/previews-ttv/live_user_ziifish-{width}x{height}.jpg
2a20316d245d406193331300bb44fdec,live,【可可洛 希亞】加班台DAY1 就睡過頭了 ✞紫勾勾申請中,2023-09-05T03:39:09Z,https://www.twitch.tv/cocoroshiya,https://static-cdn.jtvnw.net/previews-ttv/live_user_cocoroshiya-{width}x{height}.jpg
52ff14aabd804801a6e589681fc2fb4d,live,殘月 EclipseYuki 封印者/小米  年底保底計畫啟動!,2023-09-05T04:19:10Z,https://www.twitch.tv/eclipseyuki,https://static-cdn.jtvnw.net/previews-ttv/live_user_eclipseyuki-{width}x{height}.jpg
8b027d3a3f374c9c8398b6dd751e5018,upcoming,RP,2023-09-05T05:00:00Z,https://www.twitch.tv/lisheng_tw,
17946118c2d641819c847aba0c491e13,live,【九笙 🦊】呱呱-0905 | 拚勾勾歡迎幫忙掛台 | @kyusho9999,2023-09-05T05:09:00Z,https://www.twitch.tv/kyusho9999,https://static-cdn.jtvnw.net/previews-ttv/live_user_kyusho9999-{width}x{height}.jpg
9e3edec3eec54f49a065f1970471d473,live,初見揪團大歡迎☻︎聽說九月有訂閱優惠`💙突發 淨下8天來挑戰一下自己啦,2023-09-05T06:24:46Z,https://www.twitch.tv/chiyoookami_,https://static-cdn.jtvnw.net/previews-ttv/live_user_chiyoookami_-{width}x{height}.jpg
12ece01ae7004e9195e79309f0cdae40,live,▶  ⎚  ( ๑ •̀ ㅁ •́ ฅ ),2023-09-05T07:23:35Z,https://www.twitch.tv/monkeykii,https://static-cdn.jtvnw.net/previews-ttv/live_user_monkeykii-{width}x{height}.jpg
bb21226dc1db41e294f545133948115b,live,【愛絲娜祈】09/05－自由時間/Free Time/自由だ！！【TW/JP/EN】,2023-09-05T07:31:56Z,https://www.twitch.tv/ice_nagi,https://static-cdn.jtvnw.net/previews-ttv/live_user_ice_nagi-{width}x{height}.jpg
aef2ed42d49343f28394b6335695b5ac,live,原神 0905,2023-09-05T08:01:52Z,https://www.twitch.tv/yuncream,https://static-cdn.jtvnw.net/previews-ttv/live_user_yuncream-{width}x{height}.jpg
9e64bba43928414884503de36f805c48,live,9/5 早安 兩日不見 甚是想念 | 掛台抽哀鳳 | 789月自主訂閱抽神秘小禮包 | !YT !滑鼠,2023-09-05T10:29:48Z,https://www.twitch.tv/wen620,https://static-cdn.jtvnw.net/previews-ttv/live_user_wen620-{width}x{height}.jpg
b49c2970f97b4fd4a6762b3e9ba94f8e,live,【 小唱 】,2023-09-05T10:40:50Z,https://www.twitch.tv/kisaragiyuzu220,https://static-cdn.jtvnw.net/previews-ttv/live_user_kisaragiyuzu220-{width}x{height}.jpg
7a88afc5eb644d76b35ed4ca968259bb,live,【 吧噗 🍦】9/5 等等恐遊 九月自主訂閱記得領桌布 | !自主訂閱,2023-09-05T11:35:05Z,https://www.twitch.tv/babu_desu,https://static-cdn.jtvnw.net/previews-ttv/live_user_babu_desu-{width}x{height}.jpg
107fac8e77f74af8ba95491ae9492642,live,ＰＺ連動ヾ(•ω•`)o 掛台感謝～歡迎追隨聊聊天～ありがとう～ (❁´ω`❁)*✲* ft. 很多人｜09/04｜ 9/15初配信準備中~大家記得來玩~~,2023-09-05T11:52:15Z,https://www.twitch.tv/omorisanshu,https://static-cdn.jtvnw.net/previews-ttv/live_user_omorisanshu-{width}x{height}.jpg
55e9448a0a9040f99dc8ea1cf86cbad5,live,肥宅露手請注意 爬積分  !工商    !7tv,2023-09-05T11:55:48Z,https://www.twitch.tv/takigawananaha,https://static-cdn.jtvnw.net/previews-ttv/live_user_takigawananaha-{width}x{height}.jpg
6159040406fc4e6cb73dbf9734717703,upcoming,,2023-09-05T12:00:00Z,https://www.twitch.tv/drizzlingnight,
a6815e229f914db2a936ad70c285cea2,live,【小月月】瓦啦瓦啦瓦啦  | 強勢回歸啦 9月訂閱更便宜喔!!(瘋狂暗示,2023-09-05T12:00:27Z,https://www.twitch.tv/small_moonmoon,https://static-cdn.jtvnw.net/previews-ttv/live_user_small_moonmoon-{width}x{height}.jpg
a3bbe09809e141e5b0658a79ba63f977,live,【之沙Zssa】少前主線耐久 | 今天打到11-1通關開灰域 | @zssa_alton | 看臺要裝7tv→ !7tv【9/5】,2023-09-05T12:01:21Z,https://www.twitch.tv/zssa_alton,https://static-cdn.jtvnw.net/previews-ttv/live_user_zssa_alton-{width}x{height}.jpg
a83b6d485350402b90238deb371ae654,live,【夢娜】二週年加班台開始~ !加班 !同樂加時【加班台Day18】【歡迎掛台】,2023-09-05T12:01:34Z,https://www.twitch.tv/monna_nana,https://static-cdn.jtvnw.net/previews-ttv/live_user_monna_nana-{width}x{height}.jpg
fcb4d9b8cd4a49dba6b421d97c179065,live,鬼轉永劫啦~~,2023-09-05T12:02:20Z,https://www.twitch.tv/mayasuzume,https://static-cdn.jtvnw.net/previews-ttv/live_user_mayasuzume-{width}x{height}.jpg
9959d43cae9b49dbbcd666f742322b4a,live,0905 聽說很多還不錯玩就乃玩了~【潛水員戴夫 DAVE THE DIVER】,2023-09-05T12:15:06Z,https://www.twitch.tv/bear_ghost_haha,https://static-cdn.jtvnw.net/previews-ttv/live_user_bear_ghost_haha-{width}x{height}.jpg
a0467c81a3014fbf83029acffe5b1d3f,live,在博德出生的偉人，傳記是不是叫做博人傳【倒楣穿山甲NAJA】7TV !fb!辣妹立牌,2023-09-05T12:16:21Z,https://www.twitch.tv/najathepangolin,https://static-cdn.jtvnw.net/previews-ttv/live_user_najathepangolin-{width}x{height}.jpg
46e494bf06c640da95ad1b0b81631d98,live,0905 3.2震州開玩!!,2023-09-05T12:22:30Z,https://www.twitch.tv/ose0219,https://static-cdn.jtvnw.net/previews-ttv/live_user_ose0219-{width}x{height}.jpg
5cb1c062f5f94b44a41ae658f4a53f0c,live,【悠真】作息回來了 九月訂閱享優惠 | !dc !7tv | @kuronoyuma [9/5],2023-09-05T12:25:15Z,https://www.twitch.tv/kuronoyuma,https://static-cdn.jtvnw.net/previews-ttv/live_user_kuronoyuma-{width}x{height}.jpg
31f4c00be9eb41a1a6be0356614048fd,live,模擬宇宙の時間だ！！【Subathon/残業配信】[EN/JPN/CN],2023-09-05T12:31:02Z,https://www.twitch.tv/yeee_shen,https://static-cdn.jtvnw.net/previews-ttv/live_user_yeee_shen-{width}x{height}.jpg
76a17ecab93c4c3db069c9a5d8d0ecf5,live,【2023/09/05 @chiami911 】絶アレキサンダー討滅戦 DAY14 | 生日表單填寫開放中 | !DC !生日,2023-09-05T12:33:51Z,https://www.twitch.tv/chiami911,https://static-cdn.jtvnw.net/previews-ttv/live_user_chiami911-{width}x{height}.jpg
41cb0d8b18a94a06ba490858e66e9991,live,【9/5】等等跟鳥永婕無奸 | 九月訂閱優惠訂起來!!! |,2023-09-05T12:35:53Z,https://www.twitch.tv/sandao0606,https://static-cdn.jtvnw.net/previews-ttv/live_user_sandao0606-{width}x{height}.jpg
3e269031fb4b45aaa0906ca424190ce2,live,【9/5】有收到國家警報的我不是邊緣貓 ♡ 洗澡澡  @umii_u @joerze @naiko_fps @can1021 @kapibara_sowet || !cover || ฅ 看台+7Tv,2023-09-05T12:41:23Z,https://www.twitch.tv/umii_u,https://static-cdn.jtvnw.net/previews-ttv/live_user_umii_u-{width}x{height}.jpg
09945e9139af4f3a96e6adfd73139d35,live,『大舌頭配信』別挨餓 ♥  ｜訂閱特價中，請訂閱咩扣，拜偷。,2023-09-05T12:51:44Z,https://www.twitch.tv/mayko0327,https://static-cdn.jtvnw.net/previews-ttv/live_user_mayko0327-{width}x{height}.jpg
e698befe9649448885d93094cd4dc6a9,live,【千夜夜】桌遊連動【24小時犯罪現場】四大探員齊聚辦案ฅ^•ﻌ•^ฅ @meow112233 @senyeyezi @salmoninthebox,2023-09-05T12:52:43Z,https://www.twitch.tv/meow112233,https://static-cdn.jtvnw.net/previews-ttv/live_user_meow112233-{width}x{height}.jpg
6417469030e943748dfdba4ee26a08e4,live,【9/5】YT限定加台DAY1 |   !dc  !yt,2023-09-05T12:57:04Z,https://www.twitch.tv/keruowo,https://static-cdn.jtvnw.net/previews-ttv/live_user_keruowo-{width}x{height}.jpg
288f2fba52bf4d6b9e0ba66e03439837,live,2023/09/04【南琳】健康作息，從你我做起 | 遙遠的紫勾勾,2023-09-05T12:57:09Z,https://www.twitch.tv/minamirin136,https://static-cdn.jtvnw.net/previews-ttv/live_user_minamirin136-{width}x{height}.jpg
4c34c44a98974b709f7dbc7618847fd6,upcoming,嘎嘎嘎,2023-09-05T13:00:00Z,https://www.twitch.tv/5l5l3,
7360e8cae69b4d4fbe91510c776b1c5e,upcoming,｛獄門｝CocytLive,2023-09-05T13:00:00Z,https://www.twitch.tv/nordifencocyt,
68671ee09add4d87b8038acebc5b48a4,upcoming,逆轉裁判2,2023-09-05T13:00:00Z,https://www.twitch.tv/norieee_v,
577251897dc7463393b68c5b6f96559b,upcoming,鬼月大挑戰!來看看vtuber的背後有甚麼吧?,2023-09-05T13:00:00Z,https://www.twitch.tv/noctjade,
f44835c18dac441f910f4eb821ffd7ce,upcoming,只要得空就會開 時間還是比較不一定~,2023-09-05T13:00:00Z,https://www.twitch.tv/yukkiwee,
c21d4186912d4652a7fb5a1b3ef382b6,live,【遊戲】命途 ❄ 每一個選擇都會影響你的命運 #卡妮娜 #kanina,2023-09-05T13:00:03Z,https://www.twitch.tv/kanina521,https://static-cdn.jtvnw.net/previews-ttv/live_user_kanina521-{width}x{height}.jpg
23354f18e2a94c9187fd0560fd874eeb,live,【VALORANT】原本的遊戲打不開那只好來當瓦廢打槍槍嘍！ @oviii_elves  @nishimurakagetobi @luoluoluoluolu,2023-09-05T13:00:20Z,https://www.twitch.tv/piscococo,https://static-cdn.jtvnw.net/previews-ttv/live_user_piscococo-{width}x{height}.jpg
577251897dc7463393b68c5b6f96559b,live,體驗恐怖生活!到底多貼切呢?,2023-09-05T13:00:26Z,https://www.twitch.tv/noctjade,https://static-cdn.jtvnw.net/previews-ttv/live_user_noctjade-{width}x{height}.jpg
395eade6d67445e1831010cac52ab444,live,【遊戲】這水母有些微強迫症應該能玩這遊戲吧...?【伊波悠月 / Inami Yuzuki 🫧🌙】,2023-09-05T13:00:39Z,https://www.twitch.tv/inamiyuzuki,https://static-cdn.jtvnw.net/previews-ttv/live_user_inamiyuzuki-{width}x{height}.jpg
d45c287a84b6485e8ff3400cf50f5db7,live,✧連動鬼轉瓦｜訂閱優惠中｜09/05｜ @can1021 @naiko_fps @joerze @umii_u 【罐罐】!7tv,2023-09-05T13:01:00Z,https://www.twitch.tv/can1021,https://static-cdn.jtvnw.net/previews-ttv/live_user_can1021-{width}x{height}.jpg
4c34c44a98974b709f7dbc7618847fd6,live,朝朝(=´ω´=)好像記得夢到甚麼｜原神缺氧｜ !YT 更新  !DC !抽尾巴 !推特   (｢･ω･)｢,2023-09-05T13:01:29Z,https://www.twitch.tv/5l5l3,https://static-cdn.jtvnw.net/previews-ttv/live_user_5l5l3-{width}x{height}.jpg
86e86bf2d8e54e9083613e7398e1e7ac,live,FF14 今天能消化成功嗎? P9S練習 DAY2,2023-09-05T13:01:46Z,https://www.twitch.tv/azutobi,https://static-cdn.jtvnw.net/previews-ttv/live_user_azutobi-{width}x{height}.jpg
480aca28939a4eb5bf558a710e21709c,live,portal 2 ft.dy  |嗓子休養中,2023-09-05T13:02:19Z,https://www.twitch.tv/siyuandao,https://static-cdn.jtvnw.net/previews-ttv/live_user_siyuandao-{width}x{height}.jpg
d8fa0fb407c043cb9b65ab66c2221e8d,live,【希耶】9/5 [雀魂] 鬼轉日麻 ｜ @ca0510｜訂閱告急｜9月有訂閱優惠｜有砸砸,2023-09-05T13:03:08Z,https://www.twitch.tv/ca0510,https://static-cdn.jtvnw.net/previews-ttv/live_user_ca0510-{width}x{height}.jpg
bd7947d2357941039893b911b18f3b4c,live,09/05【世紀帝國2】我來，我建，我征服 (Road to 1400),2023-09-05T13:15:37Z,https://www.twitch.tv/minazukitouka,https://static-cdn.jtvnw.net/previews-ttv/live_user_minazukitouka-{width}x{height}.jpg
58e377df63f745fc8473368b20afe2ae,upcoming,程式直播（連動取代可能）,2023-09-05T13:30:00Z,https://www.twitch.tv/yuutatsubasa,
28e6f7c12a3b45899e7508058f926af9,upcoming,鐵駒行動/黑暗時刻週二固定團 Raiding Tuesday,2023-09-05T13:30:00Z,https://www.twitch.tv/phivy,
fd6a0236861940389e15ef85b16c6069,live,9/5 ✧ 九月訂閱打折，外面下好久的大雨(羊毛濕濕 | LINE貼圖上市超級可愛手刀購買 ₍ᐢ •͈ ༝ •͈ ᐢ₎♡ | !鏈接 !line貼圖,2023-09-05T13:32:20Z,https://www.twitch.tv/hennie2001,https://static-cdn.jtvnw.net/previews-ttv/live_user_hennie2001-{width}x{height}.jpg
7e8a980a0df847dca63486f95fd619de,live,卡卡卡 武俠之刀 @duuubird,2023-09-05T13:37:47Z,https://www.twitch.tv/duuubird,https://static-cdn.jtvnw.net/previews-ttv/live_user_duuubird-{width}x{height}.jpg
3809ec8a42634d11aa1b7b8f99755c6a,live,【花花】9/5 畫畫DAYY ! | !line貼圖 | !周邊 | !委託,2023-09-05T13:41:06Z,https://www.twitch.tv/mayberuu,https://static-cdn.jtvnw.net/previews-ttv/live_user_mayberuu-{width}x{height}.jpg
88526add0348499c95bd5838a5f35989,live,【蕪憂】0905 開門啦~柏德之門#5 / !委託 !line貼圖,2023-09-05T13:41:40Z,https://www.twitch.tv/blackteaorme,https://static-cdn.jtvnw.net/previews-ttv/live_user_blackteaorme-{width}x{height}.jpg
8881d23b0a3c426590c8a2509e363ec1,live,【League of Legends】跟朋友排NG～今天結束前有點事想說【 @bridget013 】,2023-09-05T13:46:54Z,https://www.twitch.tv/bridget013,https://static-cdn.jtvnw.net/previews-ttv/live_user_bridget013-{width}x{height}.jpg
47cd428eee8640cb80afaa4ef9bb55e0,live,強制茶茶上場的APEX，今天沒有自訂別問了,2023-09-05T13:54:19Z,https://www.twitch.tv/shimotsukinoyouko,https://static-cdn.jtvnw.net/previews-ttv/live_user_shimotsukinoyouko-{width}x{height}.jpg
2af6cb0e15ce4839ba711b47608d4f4d,upcoming,【Art】畫畫,2023-09-05T14:00:00Z,https://www.twitch.tv/moyu_moyu,
19c3bdcc95134ef38ad98df3f92f3ccb,live,【白羽電腦課】Euro Truck Simulator 2歐洲卡車模擬2🕊️好久沒有帶幼鴿出去玩了!!⛅,2023-09-05T14:00:02Z,https://www.twitch.tv/vtuber8u,https://static-cdn.jtvnw.net/previews-ttv/live_user_vtuber8u-{width}x{height}.jpg
43056077596a49349ee4bea028f670f6,live,09/05【靈魂擺渡者】渡人先渡己,2023-09-05T14:00:21Z,https://www.twitch.tv/mirin_nazo,https://static-cdn.jtvnw.net/previews-ttv/live_user_mirin_nazo-{width}x{height}.jpg
bd119628dae64d45b71b44e0f158f23a,live,👁‍🗨9/5┋我不會講台語┋ @elinoralumiere ┋委託開放中,2023-09-05T14:02:07Z,https://www.twitch.tv/elinoralumiere,https://static-cdn.jtvnw.net/previews-ttv/live_user_elinoralumiere-{width}x{height}.jpg
c92baa46ff4e41c9918ad2427c0853d6,live,0905【晚上好 .ᐟ.ᐟ 】✦  !九月訂閱優惠 !周邊 !拍立得  @iamca6,2023-09-05T14:05:55Z,https://www.twitch.tv/iamca6,https://static-cdn.jtvnw.net/previews-ttv/live_user_iamca6-{width}x{height}.jpg
d09b9f800b7940deb1f8a2b58a302f07,live,我以為今天可以到太空~ | 歡迎來聊/幫掛台拿勾勾! @kimmyje💜,2023-09-05T14:10:40Z,https://www.twitch.tv/kimmyje,https://static-cdn.jtvnw.net/previews-ttv/live_user_kimmyje-{width}x{height}.jpg
61e81c6f534247b486b8125bd34fa960,live,【BLUE】送分人 @blue_kao,2023-09-05T14:17:51Z,https://www.twitch.tv/blue_kao,https://static-cdn.jtvnw.net/previews-ttv/live_user_blue_kao-{width}x{height}.jpg
ff445c140e9a4211960268c261e18fba,live,【牟毗_MoBi】博德之門很紅所以我們當然是要來玩尋路者的啦,2023-09-05T14:22:38Z,https://www.twitch.tv/mobi_asp,https://static-cdn.jtvnw.net/previews-ttv/live_user_mobi_asp-{width}x{height}.jpg
2d25a18a83af462a8d4062e162017a1a,live,@rex_erica 〔7 Days to Die〕🦖(ゝ∀･)✨FT.ユカカ.路西法．悠里｜Vtuber｜台V🥩0905,2023-09-05T14:23:26Z,https://www.twitch.tv/rex_erica,https://static-cdn.jtvnw.net/previews-ttv/live_user_rex_erica-{width}x{height}.jpg
adb7f358e8134f30ac0919a74c9d171b,live,【英雄聯盟】歡迎聽歌聊天掛台 ! @milkblack_tea,2023-09-05T14:28:35Z,https://www.twitch.tv/milkblack_tea,https://static-cdn.jtvnw.net/previews-ttv/live_user_milkblack_tea-{width}x{height}.jpg
cde66ce63cec4a7a819968ef01489eb9,live,【那陸】鬼轉工作雜談 / 作業雑談【無畫面】,2023-09-05T14:28:36Z,https://www.twitch.tv/naruuuu1013,https://static-cdn.jtvnw.net/previews-ttv/live_user_naruuuu1013-{width}x{height}.jpg
0979940d57534fc0948e24369aa495c5,live,久違,2023-09-05T14:32:14Z,https://www.twitch.tv/dkxy19,https://static-cdn.jtvnw.net/previews-ttv/live_user_dkxy19-{width}x{height}.jpg
1058d6e9f351455389e8a7a716ea26ff,live,【原神 | Genshin】昏睡；,2023-09-05T14:33:51Z,https://www.twitch.tv/toujipaisen,https://static-cdn.jtvnw.net/previews-ttv/live_user_toujipaisen-{width}x{height}.jpg
e7ac18c2e713426692cfd0ef7fe2b897,live,【Unturned】用陷阱玩出新花樣 (=^‥^=) 🐾,2023-09-05T14:35:16Z,https://www.twitch.tv/kohaku_nekochan,https://static-cdn.jtvnw.net/previews-ttv/live_user_kohaku_nekochan-{width}x{height}.jpg
0b0668c6206c4500bdcbc281ee58680c,live,❤ YukiNyanko - 0905 吃了好吃的拉麵非常 chill 的一天，初見歡迎 =͟͟͞( •̀д•́) | !推特 !yt !sr,2023-09-05T14:36:04Z,https://www.twitch.tv/yukinyanko,https://static-cdn.jtvnw.net/previews-ttv/live_user_yukinyanko-{width}x{height}.jpg
5f8e197a06bc453e8d9e0a1c6cb92f1c,live,【咕咕嚕諾姆】| 【柏德之門3】 Vol.19 | @gurugnome | 20230905,2023-09-05T14:38:04Z,https://www.twitch.tv/gurugnome,https://static-cdn.jtvnw.net/previews-ttv/live_user_gurugnome-{width}x{height}.jpg
7d0d99e77f624bdc934b17212a39a894,live,今日標題：毆投卸載游戲www,2023-09-05T14:40:17Z,https://www.twitch.tv/rinusaki,https://static-cdn.jtvnw.net/previews-ttv/live_user_rinusaki-{width}x{height}.jpg
3e86fddd8145474691e77ba761a6b2a5,live,9/5 希望今天網路不要再斷了.. ꒦ິ^꒦ິ  !委託 !dc !肉泥加碼 ｜  @yinyin_neko 喵♡,2023-09-05T14:56:36Z,https://www.twitch.tv/yinyin_neko,https://static-cdn.jtvnw.net/previews-ttv/live_user_yinyin_neko-{width}x{height}.jpg
7f7e1579979c49249dc65783d457e890,live,今天應該不會像上禮拜那麼慘了吧！？《KOEWOTAYORINI SP 声之寄託 SP》,2023-09-05T14:57:08Z,https://www.twitch.tv/tmg_krl,https://static-cdn.jtvnw.net/previews-ttv/live_user_tmg_krl-{width}x{height}.jpg
47cd428eee8640cb80afaa4ef9bb55e0,upcoming,APEX,2023-09-05T15:00:00Z,https://www.twitch.tv/shimotsukinoyouko,
9deb096c2fb943a7ae7487bf25e28026,live,【碧藍幻想】日課打打【漣玥Lenyueh】,2023-09-05T15:02:16Z,https://www.twitch.tv/lenyueh,https://static-cdn.jtvnw.net/previews-ttv/live_user_lenyueh-{width}x{height}.jpg
921d25072caf403ea797c3d5f61f84cf,live,League of Legends | 好咩好咩UwUb,2023-09-05T15:08:42Z,https://www.twitch.tv/kamijo11298,https://static-cdn.jtvnw.net/previews-ttv/live_user_kamijo11298-{width}x{height}.jpg
949f184abcc84a82b8e9f333b41a2109,live,9/5 兄弟DAY3 @piqiuuu ✧*｡٩(ˊᗜˋ*)و✧*｡,2023-09-05T15:09:35Z,https://www.twitch.tv/lupulu0524,https://static-cdn.jtvnw.net/previews-ttv/live_user_lupulu0524-{width}x{height}.jpg
58e377df63f745fc8473368b20afe2ae,live,【#程式】Vol. 473: Unity 開放世界專案 #4 - 要來調整攝影機的視角了,2023-09-05T15:15:57Z,https://www.twitch.tv/yuutatsubasa,https://static-cdn.jtvnw.net/previews-ttv/live_user_yuutatsubasa-{width}x{height}.jpg
7a160bd129144664804dd3fc08fceeb1,live,[兔森] 最初的三人組ww 9/5  | @Usamori @clite_h @yuuramikaido,2023-09-05T15:16:24Z,https://www.twitch.tv/usamori,https://static-cdn.jtvnw.net/previews-ttv/live_user_usamori-{width}x{height}.jpg
1fa9ddce23964bab8edddf7f18dad2f3,live,EN/JP【看墳者】掘屍版星露谷(?【夢魅デラ】,2023-09-05T15:18:17Z,https://www.twitch.tv/yumemidella,https://static-cdn.jtvnw.net/previews-ttv/live_user_yumemidella-{width}x{height}.jpg
eb54f557a3734bfda57ecddd8df07681,live,【臨摹練習】畫畫很無聊，阿克西很有聊！你今天過得好嗎？｜繪簿錄【Axi 阿克西】,2023-09-05T15:21:23Z,https://www.twitch.tv/axixxaxi,https://static-cdn.jtvnw.net/previews-ttv/live_user_axixxaxi-{width}x{height}.jpg
83ec4919298a4ad5984e3da31109a4c8,live,【貓糰うみ】09/05 小開 跑完主線 | @umidan1207 | !自主訂閱 !點歌 !YT,2023-09-05T15:41:31Z,https://www.twitch.tv/umidan1207,https://static-cdn.jtvnw.net/previews-ttv/live_user_umidan1207-{width}x{height}.jpg
1e10c82a40224474bba81c3a9e293c51,live,【庫雷】好久不見!  加班時數累積! 9/7生日加班開始! @and810719  @nekobigbus @chinini0125   | !時段 | 👻 恐怖遊戲常駐台 👻  | 最近Steam恐怖遊戲都沒料😒  |  @kukuley_97,2023-09-05T15:42:08Z,https://www.twitch.tv/kukuley_97,https://static-cdn.jtvnw.net/previews-ttv/live_user_kukuley_97-{width}x{height}.jpg
8dd4a8b4598e483e9112b2b1a9466013,live,先如夏日麻一下~ 晚點來玩DBD,2023-09-05T15:46:47Z,https://www.twitch.tv/thgindoog_live,https://static-cdn.jtvnw.net/previews-ttv/live_user_thgindoog_live-{width}x{height}.jpg
793ec2d37c544cc7915d3dc3e9902e1d,live,【Apex突發台】ㄚㄚㄚW剛回家就抓我老婆幽幽還有夢寶一起玩啦~| Ft.貓軟幽幽.文月音夢,2023-09-05T15:57:29Z,https://www.twitch.tv/kozukiyuki_0710,https://static-cdn.jtvnw.net/previews-ttv/live_user_kozukiyuki_0710-{width}x{height}.jpg
c08ae8d7412d407c8b233f6e445d081c,live,三小俠汪汪,2023-09-05T15:57:35Z,https://www.twitch.tv/bk20112,https://static-cdn.jtvnw.net/previews-ttv/live_user_bk20112-{width}x{height}.jpg
3c1783f6914f414b830c836829d1afa2,live,"【突發】無情的爬分機器！！""稍微""爬爬～",2023-09-05T15:59:53Z,https://www.twitch.tv/yezi20230218,https://static-cdn.jtvnw.net/previews-ttv/live_user_yezi20230218-{width}x{height}.jpg
09b00ccde152498b808efe7317bd52f0,live,【希米】9/6 燥米 | @himmi0111 | !DC !新片 !委託,2023-09-05T16:01:23Z,https://www.twitch.tv/himmi0111,https://static-cdn.jtvnw.net/previews-ttv/live_user_himmi0111-{width}x{height}.jpg
f4da0eee989545d2ade906b022a50e8c,live,【宇佐美綾月】9/6 鍾離我來了！帝君必須到手！ ft. @justkatana_｜ @usamiayatsuki【星鐵】,2023-09-05T16:08:52Z,https://www.twitch.tv/usamiayatsuki,https://static-cdn.jtvnw.net/previews-ttv/live_user_usamiayatsuki-{width}x{height}.jpg
00d9cb7b0bcd451999f4fd33dd84be6c,live,【阿楓轟炸Maple】20230906_9月有折扣！積極募資2.0中！ （訂閱會講ARA ARA）【Vtuber】,2023-09-05T16:11:21Z,https://www.twitch.tv/maple_1206,https://static-cdn.jtvnw.net/previews-ttv/live_user_maple_1206-{width}x{height}.jpg
3f2e41bdee4145f59fa97830ba3f5edb,live,【飛毒】深夜小瓦瓦 真的只是小開 🐑 一周年周邊販售中 !周邊 | 9月訂閱特價中【09/05】,2023-09-05T16:11:28Z,https://www.twitch.tv/virus_flying,https://static-cdn.jtvnw.net/previews-ttv/live_user_virus_flying-{width}x{height}.jpg
9ca05592c52f42649191751f18cb70e6,live,【中文/日本語】9/5 隨筆日誌(PC) -  晚開了 | 有砸砸,2023-09-05T16:13:12Z,https://www.twitch.tv/sinonyuki,https://static-cdn.jtvnw.net/previews-ttv/live_user_sinonyuki-{width}x{height}.jpg
78195639f2464c75a84f79d46120e28a,live,9/6 做自己的工作你們自便捏(●´ω｀●)ゞ,2023-09-05T16:13:45Z,https://www.twitch.tv/hana_yuuka,https://static-cdn.jtvnw.net/previews-ttv/live_user_hana_yuuka-{width}x{height}.jpg
bb56715066e548c297232372a16ab083,live,9/5【EN/CH】你們最愛的塔科夫哄睡,2023-09-05T16:14:54Z,https://www.twitch.tv/bright_sliver,https://static-cdn.jtvnw.net/previews-ttv/live_user_bright_sliver-{width}x{height}.jpg
3005ff0c09064d7f924c506e1e9c18ba,live,【猫夜凜】機戰二周目繼續～｜9月訂閱優惠！ | @nekoyarin |  !暴雷 !周邊 !DC | 9/6,2023-09-05T16:16:20Z,https://www.twitch.tv/nekoyarin,https://static-cdn.jtvnw.net/previews-ttv/live_user_nekoyarin-{width}x{height}.jpg
b7b1cb60f1c24c0ea4fb1f506d3e247a,live,0905｜ 要成為盟友了咪｜Hanamori Lunaria☪🌕｜ #Vtuber,2023-09-05T16:29:56Z,https://www.twitch.tv/hanamorilunaria,https://static-cdn.jtvnw.net/previews-ttv/live_user_hanamorilunaria-{width}x{height}.jpg
db2f279f9960492082f3ae6ad20aca91,upcoming,【Tom Clancy's Rainbow Six: Siege】,2023-09-05T16:30:00Z,https://www.twitch.tv/suzumiya_siru,
33546b9ad5a8408589405f9467063dd7,upcoming,遊戲台,2023-09-06T01:30:00Z,https://www.twitch.tv/boni_0x0,
577251897dc7463393b68c5b6f96559b,upcoming,早餐台!繼續蓋建築吧!,2023-09-06T02:30:00Z,https://www.twitch.tv/noctjade,
7a9b7ab0d5bd411195d77800ff778a90,upcoming,沒有固定時間,2023-09-06T04:00:00Z,https://www.twitch.tv/1128wedge,
7180d8a493134a9c932fe790eb17f2e9,upcoming,出沒可能時間：繪圖雜談,2023-09-06T05:00:00Z,https://www.twitch.tv/shinkaitoro,
547aa467c2ce497e9d95c4a085effe0d,upcoming,會開,2023-09-06T05:00:00Z,https://www.twitch.tv/umimiowo,
8b027d3a3f374c9c8398b6dd751e5018,upcoming,RP,2023-09-06T05:00:00Z,https://www.twitch.tv/lisheng_tw,
428251b7832a48219276fb6e5f644e86,upcoming,打龍啦(順便拜託你們多留言),2023-09-06T06:00:00Z,https://www.twitch.tv/karami086,
803435ca691f43a4b02360926fee23d1,upcoming,,2023-09-06T06:00:00Z,https://www.twitch.tv/yukou_ouo,
67b37e4e1f2f49d88a047d650b70be91,upcoming,直播預定,2023-09-06T06:00:00Z,https://www.twitch.tv/yumenoryuusei0404,
3c5b24ec5e7e4451a917bb1683298c05,upcoming,【晚餐聊天學魔法】週三來陪麻糬玩,2023-09-06T10:00:00Z,https://www.twitch.tv/hakunana1203,
577251897dc7463393b68c5b6f96559b,upcoming,鬼月來點不一樣!同步視聽經典電影the shining,2023-09-06T10:30:00Z,https://www.twitch.tv/noctjade,
36f4fa8dbd7740c3ae5ac02b890fa502,upcoming,Vtuber養成計畫：人生放送中,2023-09-06T11:00:00Z,https://www.twitch.tv/dr1090a,
091ac99f10804fe3b417a0f285731b4e,upcoming,烏瑪咪x搽米無限系-在YT喔,2023-09-06T11:00:00Z,https://www.twitch.tv/umamixchami,
de81b740d66c439685aa37491d27efc4,upcoming,固定直播日,2023-09-06T11:30:00Z,https://www.twitch.tv/lmpaper,
b6a105f12b904256ba356935ae46657f,upcoming,每日吸貓時間,2023-09-06T11:30:00Z,https://www.twitch.tv/shiroganemomo,
d8b5835bc6aa46119cc7ddd4447e780f,upcoming,這是魔法師 ˗ˋˏ 咘小星 ˎˊ˗ 使用召喚術的固定時段⎝༼ ◕Д ◕ ༽⎠（如有變動以DC群為主）,2023-09-06T11:30:00Z,https://www.twitch.tv/ssstar_180,
228427b15b964f1396b5a7b5eb224a21,upcoming,Asteria配音時間，一起來聽劇本、閒聊吧！,2023-09-06T12:00:00Z,https://www.twitch.tv/asterialive0503,
a83b6d485350402b90238deb371ae654,upcoming,觀眾同樂,2023-09-06T12:00:00Z,https://www.twitch.tv/monna_nana,
6159040406fc4e6cb73dbf9734717703,upcoming,,2023-09-06T12:00:00Z,https://www.twitch.tv/drizzlingnight,
aef2ed42d49343f28394b6335695b5ac,upcoming,,2023-09-06T12:00:00Z,https://www.twitch.tv/yuncream,
8b810380ed254a5e8a85b65552ba4e61,upcoming,七兔肚子餓,2023-09-06T12:00:00Z,https://www.twitch.tv/nayomi0204,
47cd428eee8640cb80afaa4ef9bb55e0,upcoming,麻將，瓦初體驗,2023-09-06T12:00:00Z,https://www.twitch.tv/shimotsukinoyouko,
67b37e4e1f2f49d88a047d650b70be91,upcoming,配信予定あり,2023-09-06T12:00:00Z,https://www.twitch.tv/yumenoryuusei0404,
444dcf020b27400087d2b2b21135033c,upcoming,林間盃日麻,2023-09-06T12:00:00Z,https://www.twitch.tv/v_hanasakiayame,
a7bb915cc1a0474080d7dbf6d245daf4,upcoming,日常幹话台 【CN/EN】,2023-09-06T12:00:00Z,https://www.twitch.tv/tatsuya_rei,
554ca19c3d924cacac1f680675b9fdd2,upcoming,原神日常任務及聊天,2023-09-06T12:30:00Z,https://www.twitch.tv/yueyuhoshizora,
4af53c3526f7435a8aac99f42dccb392,upcoming,突發或休息,2023-09-06T13:00:00Z,https://www.twitch.tv/milo_lonewolf,
68671ee09add4d87b8038acebc5b48a4,upcoming,逆轉裁判2,2023-09-06T13:00:00Z,https://www.twitch.tv/norieee_v,
a666cf6707d14cdbbe6581a8964aabd0,upcoming,【Shadowverse 闇影詩章】今天繼續來練習死靈法師💀  2023/09/06,2023-09-06T13:00:00Z,https://www.twitch.tv/yuyuyuyuyuichan,
f44835c18dac441f910f4eb821ffd7ce,upcoming,只要得空就會開 時間還是比較不一定~,2023-09-06T13:00:00Z,https://www.twitch.tv/yukkiwee,
eadf377f5cbd41ac9842c3f5559268f6,upcoming,,2023-09-06T13:30:00Z,https://www.twitch.tv/om_mosquito,
eb54f557a3734bfda57ecddd8df07681,upcoming,妖靈畫坊可能突發,2023-09-06T14:00:00Z,https://www.twitch.tv/axixxaxi,
8b732f3260e0427f9cf795b93ada310a,upcoming,【萊莎的鍊金工房 ～常闇女王與秘密藏身處～】大腿我來了#2 ✦ 普拉祈娜・vtuber,2023-09-06T14:00:00Z,https://www.twitch.tv/platinach,
db4fd03c50654057bd32b9201666b345,upcoming,固定開唱歌台,2023-09-06T14:00:00Z,https://www.twitch.tv/shirukaccc,
819cc1636ec94c0ab290b4513c6d629d,upcoming,Art with Miki,2023-09-06T20:00:00Z,https://www.twitch.tv/mikiaoboshi,
33546b9ad5a8408589405f9467063dd7,upcoming,耍費台,2023-09-07T01:30:00Z,https://www.twitch.tv/boni_0x0,
428251b7832a48219276fb6e5f644e86,upcoming,看我能打龍到多久(順便拜託你們多留言),2023-09-07T02:00:00Z,https://www.twitch.tv/karami086,
7180d8a493134a9c932fe790eb17f2e9,upcoming,出沒可能時間：繪圖雜談,2023-09-07T05:00:00Z,https://www.twitch.tv/shinkaitoro,
547aa467c2ce497e9d95c4a085effe0d,upcoming,會開,2023-09-07T05:00:00Z,https://www.twitch.tv/umimiowo,
3dda133703f64b019d7eea0c5cb55335,upcoming,,2023-09-07T05:30:00Z,https://www.twitch.tv/miamya0615,
803435ca691f43a4b02360926fee23d1,upcoming,,2023-09-07T06:00:00Z,https://www.twitch.tv/yukou_ouo,
67b37e4e1f2f49d88a047d650b70be91,upcoming,直播預定,2023-09-07T06:00:00Z,https://www.twitch.tv/yumenoryuusei0404,
5f9ded46df28474bbd1470d761700f30,upcoming,美妙的舞蹈大會 / Dance with Sakura!,2023-09-07T10:00:00Z,https://www.twitch.tv/fuyukisakura,
3c5b24ec5e7e4451a917bb1683298c05,upcoming,【遊戲】哥布林努力向學中 ( ☉_☉)≡☞o────★°【羽宮奈奈】,2023-09-07T10:00:00Z,https://www.twitch.tv/hakunana1203,
36f4fa8dbd7740c3ae5ac02b890fa502,upcoming,Vtuber養成計畫：人生放送中,2023-09-07T11:00:00Z,https://www.twitch.tv/dr1090a,
de81b740d66c439685aa37491d27efc4,upcoming,固定直播日,2023-09-07T11:30:00Z,https://www.twitch.tv/lmpaper,
b6a105f12b904256ba356935ae46657f,upcoming,每日吸貓時間,2023-09-07T11:30:00Z,https://www.twitch.tv/shiroganemomo,
d8b5835bc6aa46119cc7ddd4447e780f,upcoming,這是魔法師 ˗ˋˏ 咘小星 ˎˊ˗ 使用召喚術的固定時段⎝༼ ◕Д ◕ ༽⎠（如有變動以DC群為主）,2023-09-07T11:30:00Z,https://www.twitch.tv/ssstar_180,
d8b0b4e36c614d328620461a295572a1,upcoming,,2023-09-07T11:30:00Z,https://www.twitch.tv/jumpshi,
0c09a69445864b44adbba11b487f9b1a,upcoming,做連動封面圖！努力開台衝門檻！,2023-09-07T11:30:00Z,https://www.twitch.tv/amane_tainan,
090be1be8d29429183e190e22fc4be22,upcoming,試試看這ㄍ功能【Ness9s奈斯糖】,2023-09-07T12:00:00Z,https://www.twitch.tv/ness9s1222,
a83b6d485350402b90238deb371ae654,upcoming,雜談,2023-09-07T12:00:00Z,https://www.twitch.tv/monna_nana,
6159040406fc4e6cb73dbf9734717703,upcoming,,2023-09-07T12:00:00Z,https://www.twitch.tv/drizzlingnight,
aef2ed42d49343f28394b6335695b5ac,upcoming,,2023-09-07T12:00:00Z,https://www.twitch.tv/yuncream,
8b810380ed254a5e8a85b65552ba4e61,upcoming,七兔餵食秀,2023-09-07T12:00:00Z,https://www.twitch.tv/nayomi0204,
47cd428eee8640cb80afaa4ef9bb55e0,upcoming,FFXIVPVP，恐鬼，APEX,2023-09-07T12:00:00Z,https://www.twitch.tv/shimotsukinoyouko,
8f12066334ed4c4dae19ca1152781e59,upcoming,APEX大逃殺！！！FEAT.都兔零、和泉冬月,2023-09-07T12:00:00Z,https://www.twitch.tv/hinamorirabi,
1618171723d84cbe8b57cd69fa6f477f,upcoming,,2023-09-07T12:00:00Z,https://www.twitch.tv/rin_en_kana,
67b37e4e1f2f49d88a047d650b70be91,upcoming,配信予定あり,2023-09-07T12:00:00Z,https://www.twitch.tv/yumenoryuusei0404,
a7bb915cc1a0474080d7dbf6d245daf4,upcoming,日常幹话台 【CN/EN】,2023-09-07T12:00:00Z,https://www.twitch.tv/tatsuya_rei,
554ca19c3d924cacac1f680675b9fdd2,upcoming,原神日常任務及聊天,2023-09-07T12:30:00Z,https://www.twitch.tv/yueyuhoshizora,
4af53c3526f7435a8aac99f42dccb392,upcoming,固定開台,2023-09-07T13:00:00Z,https://www.twitch.tv/milo_lonewolf,
7360e8cae69b4d4fbe91510c776b1c5e,upcoming,｛獄門｝CocytLive - Chatter Day,2023-09-07T13:00:00Z,https://www.twitch.tv/nordifencocyt,
577251897dc7463393b68c5b6f96559b,upcoming,鬼月來外送!今晚想來點...?,2023-09-07T13:00:00Z,https://www.twitch.tv/noctjade,
f44835c18dac441f910f4eb821ffd7ce,upcoming,只要得空就會開 時間還是比較不一定~,2023-09-07T13:00:00Z,https://www.twitch.tv/yukkiwee,
58e377df63f745fc8473368b20afe2ae,upcoming,遊戲或其他直播（連動取代可能）,2023-09-07T13:30:00Z,https://www.twitch.tv/yuutatsubasa,
eadf377f5cbd41ac9842c3f5559268f6,upcoming,,2023-09-07T13:30:00Z,https://www.twitch.tv/om_mosquito,
eb54f557a3734bfda57ecddd8df07681,upcoming,妖靈畫坊可能突發,2023-09-07T14:00:00Z,https://www.twitch.tv/axixxaxi,
db4fd03c50654057bd32b9201666b345,upcoming,固定開唱歌台,2023-09-07T14:00:00Z,https://www.twitch.tv/shirukaccc,
025ce8dccaa4466c80061aa308c378c3,upcoming,#遊戲台 #隆理在玩 ｜ 雖然我對計算有點信心，但職場中的算計我真不懂，用 #策略遊戲 與 #解謎遊戲 來磨練吧，或者 #恐怖遊戲 也說不定可以?,2023-09-07T15:00:00Z,https://www.twitch.tv/shima_takasato,
db2f279f9960492082f3ae6ad20aca91,upcoming,【CODE VEIN】,2023-09-07T16:30:00Z,https://www.twitch.tv/suzumiya_siru,
d407b30c72a841bd82af1f5cc8ec0667,upcoming,主委泡茶間 邀請不同類型的來賓來對談，主題依當周來賓性質而定,2023-09-08T01:00:00Z,https://www.twitch.tv/chiveswang_vtuber,
33546b9ad5a8408589405f9467063dd7,upcoming,快樂台,2023-09-08T01:30:00Z,https://www.twitch.tv/boni_0x0,
c29bc8bf78dd417980491f19333c8fa2,upcoming,工作雜談,2023-09-08T04:00:00Z,https://www.twitch.tv/muling0606,
7180d8a493134a9c932fe790eb17f2e9,upcoming,出沒可能時間：繪圖雜談,2023-09-08T05:00:00Z,https://www.twitch.tv/shinkaitoro,
9e6e69bfb48e4be0a8eecc737a6a0ba1,upcoming,週五下午可能唱唱,2023-09-08T05:00:00Z,https://www.twitch.tv/aster_ur,
547aa467c2ce497e9d95c4a085effe0d,upcoming,會開,2023-09-08T05:00:00Z,https://www.twitch.tv/umimiowo,
8b027d3a3f374c9c8398b6dd751e5018,upcoming,RP,2023-09-08T05:00:00Z,https://www.twitch.tv/lisheng_tw,
3dda133703f64b019d7eea0c5cb55335,upcoming,,2023-09-08T05:30:00Z,https://www.twitch.tv/miamya0615,
803435ca691f43a4b02360926fee23d1,upcoming,,2023-09-08T06:00:00Z,https://www.twitch.tv/yukou_ouo,
67b37e4e1f2f49d88a047d650b70be91,upcoming,直播預定,2023-09-08T06:00:00Z,https://www.twitch.tv/yumenoryuusei0404,
b3e0bc9dd06f4774b492e6d50dd92be2,upcoming,,2023-09-08T07:17:00Z,https://www.twitch.tv/setsumu1207,
db2f279f9960492082f3ae6ad20aca91,upcoming,【Tom Clancy's Rainbow Six: Siege】,2023-09-08T08:30:00Z,https://www.twitch.tv/suzumiya_siru,
fcb4d9b8cd4a49dba6b421d97c179065,upcoming,練槍啦~!(*‘ v`*),2023-09-08T09:30:00Z,https://www.twitch.tv/mayasuzume,
3c5b24ec5e7e4451a917bb1683298c05,upcoming,【遊戲】貪還要更貪！！潛水給魚追啦🐟【羽宮奈奈】| Dave The Diver 潛水員戴夫,2023-09-08T10:00:00Z,https://www.twitch.tv/hakunana1203,
36f4fa8dbd7740c3ae5ac02b890fa502,upcoming,Vtuber養成計畫：人生放送中,2023-09-08T11:00:00Z,https://www.twitch.tv/dr1090a,
b6a105f12b904256ba356935ae46657f,upcoming,每日吸貓時間,2023-09-08T11:30:00Z,https://www.twitch.tv/shiroganemomo,
d8b5835bc6aa46119cc7ddd4447e780f,upcoming,這是魔法師 ˗ˋˏ 咘小星 ˎˊ˗ 使用召喚術的固定時段⎝༼ ◕Д ◕ ༽⎠（如有變動以DC群為主）,2023-09-08T11:30:00Z,https://www.twitch.tv/ssstar_180,
4efffd7632e94c9faad30a543c3e1150,upcoming,,2023-09-08T11:30:00Z,https://www.twitch.tv/aveza_manon,
de81b740d66c439685aa37491d27efc4,upcoming,觀眾同樂會,2023-09-08T12:00:00Z,https://www.twitch.tv/lmpaper,
6d76e6b27f164061a216ec2831bd8dd3,upcoming,日常塔！,2023-09-08T12:00:00Z,https://www.twitch.tv/eihraz,
a83b6d485350402b90238deb371ae654,upcoming,巧克團,2023-09-08T12:00:00Z,https://www.twitch.tv/monna_nana,
091ac99f10804fe3b417a0f285731b4e,upcoming,咪米黑白講,2023-09-08T12:00:00Z,https://www.twitch.tv/umamixchami,
6159040406fc4e6cb73dbf9734717703,upcoming,,2023-09-08T12:00:00Z,https://www.twitch.tv/drizzlingnight,
aef2ed42d49343f28394b6335695b5ac,upcoming,,2023-09-08T12:00:00Z,https://www.twitch.tv/yuncream,
8b810380ed254a5e8a85b65552ba4e61,upcoming,七兔肚子咕咕叫,2023-09-08T12:00:00Z,https://www.twitch.tv/nayomi0204,
67b37e4e1f2f49d88a047d650b70be91,upcoming,配信予定あり,2023-09-08T12:00:00Z,https://www.twitch.tv/yumenoryuusei0404,
6bf231719d5e485fa0cdee99905858d4,upcoming,雜談或是治癒小遊戲,2023-09-08T12:00:00Z,https://www.twitch.tv/xiaoke0109,
31a4ca5b5d554c13902eff32302e5eb9,upcoming,,2023-09-08T12:00:00Z,https://www.twitch.tv/chiyouboss,
a7bb915cc1a0474080d7dbf6d245daf4,upcoming,日常幹话台 【CN/EN】,2023-09-08T12:00:00Z,https://www.twitch.tv/tatsuya_rei,
554ca19c3d924cacac1f680675b9fdd2,upcoming,原神日常任務及聊天,2023-09-08T12:30:00Z,https://www.twitch.tv/yueyuhoshizora,
4af53c3526f7435a8aac99f42dccb392,upcoming,固定開台,2023-09-08T13:00:00Z,https://www.twitch.tv/milo_lonewolf,
7360e8cae69b4d4fbe91510c776b1c5e,upcoming,｛獄門｝CocytLive,2023-09-08T13:00:00Z,https://www.twitch.tv/nordifencocyt,
577251897dc7463393b68c5b6f96559b,upcoming,那個討厭的土神到底能不能打過呢?,2023-09-08T13:00:00Z,https://www.twitch.tv/noctjade,
f44835c18dac441f910f4eb821ffd7ce,upcoming,只要得空就會開 時間還是比較不一定~,2023-09-08T13:00:00Z,https://www.twitch.tv/yukkiwee,
ec332c6e824044698204e6dba3e5fbfc,upcoming,［初配信 DEBUT STREAM］初次見面，好久不見。,2023-09-08T13:00:00Z,https://www.twitch.tv/aebaibai,
eadf377f5cbd41ac9842c3f5559268f6,upcoming,,2023-09-08T13:30:00Z,https://www.twitch.tv/om_mosquito,
2af6cb0e15ce4839ba711b47608d4f4d,upcoming,【Art】畫畫,2023-09-08T14:00:00Z,https://www.twitch.tv/moyu_moyu,
db4fd03c50654057bd32b9201666b345,upcoming,固定開唱歌台,2023-09-08T14:00:00Z,https://www.twitch.tv/shirukaccc,
1618171723d84cbe8b57cd69fa6f477f,upcoming,,2023-09-08T15:00:00Z,https://www.twitch.tv/rin_en_kana,
abda6c94394b47ba885c34417e3a4d08,upcoming,【🔴Live】雑談 ! 正太貓貓的伴眠時間 ! / 伊沢悠人,2023-09-08T15:00:00Z,https://www.twitch.tv/izawayuuto0726,
b96f58f4373a4b65977afe5f2829e9e4,upcoming,プロセカ,2023-09-08T15:00:00Z,https://www.twitch.tv/cieloneve_,
db2f279f9960492082f3ae6ad20aca91,upcoming," 【Tom Clancy's Rainbow Six: Siege】",2023-09-08T16:30:00Z,https://www.twitch.tv/suzumiya_siru,
f6a4e7aa8d0c4e5cb39d199845ec4d02,upcoming,APEX特化,2023-09-08T17:00:00Z,https://www.twitch.tv/vtuber_amiru,
9e6e69bfb48e4be0a8eecc737a6a0ba1,upcoming,週六半夜也可能唱唱,2023-09-08T17:00:00Z,https://www.twitch.tv/aster_ur,
819cc1636ec94c0ab290b4513c6d629d,upcoming,MHR with Miki,2023-09-08T20:00:00Z,https://www.twitch.tv/mikiaoboshi,
c29bc8bf78dd417980491f19333c8fa2,upcoming,工作雜談,2023-09-09T04:00:00Z,https://www.twitch.tv/muling0606,
cef544ae38ec4c03ad337e68e2d885f4,upcoming,Apex or osu chat,2023-09-09T04:00:00Z,https://www.twitch.tv/ilzenkion1,
31a4ca5b5d554c13902eff32302e5eb9,upcoming,,2023-09-09T05:00:00Z,https://www.twitch.tv/chiyouboss,
8b027d3a3f374c9c8398b6dd751e5018,upcoming,RP,2023-09-09T05:00:00Z,https://www.twitch.tv/lisheng_tw,
3dda133703f64b019d7eea0c5cb55335,upcoming,,2023-09-09T05:30:00Z,https://www.twitch.tv/miamya0615,
36f4fa8dbd7740c3ae5ac02b890fa502,upcoming,Vtuber養成計畫：人生放送中,2023-09-09T06:00:00Z,https://www.twitch.tv/dr1090a,
6159040406fc4e6cb73dbf9734717703,upcoming,,2023-09-09T06:00:00Z,https://www.twitch.tv/drizzlingnight,
5f9ded46df28474bbd1470d761700f30,upcoming,[Not stream] Join us on VRChat!,2023-09-09T07:00:00Z,https://www.twitch.tv/fuyukisakura,
33546b9ad5a8408589405f9467063dd7,upcoming,歌回台,2023-09-09T07:00:00Z,https://www.twitch.tv/boni_0x0,
15ee6c1788974e31aefed5cc023781af,upcoming,交通雜談-大眾運輸雜談,2023-09-09T07:30:00Z,https://www.twitch.tv/yunasaki_vtuber,
db2f279f9960492082f3ae6ad20aca91,upcoming," 【Tom Clancy's Rainbow Six: Siege】",2023-09-09T08:30:00Z,https://www.twitch.tv/suzumiya_siru,
3c5b24ec5e7e4451a917bb1683298c05,upcoming,【遊戲】哥布林學魔法✡️ 心情好就打LOL！【羽宮奈奈】,2023-09-09T10:00:00Z,https://www.twitch.tv/hakunana1203,
b6a105f12b904256ba356935ae46657f,upcoming,每日吸貓時間,2023-09-09T11:30:00Z,https://www.twitch.tv/shiroganemomo,
de81b740d66c439685aa37491d27efc4,upcoming,固定直播日,2023-09-09T12:00:00Z,https://www.twitch.tv/lmpaper,
a83b6d485350402b90238deb371ae654,upcoming,星露谷,2023-09-09T12:00:00Z,https://www.twitch.tv/monna_nana,
aef2ed42d49343f28394b6335695b5ac,upcoming,,2023-09-09T12:00:00Z,https://www.twitch.tv/yuncream,
8b810380ed254a5e8a85b65552ba4e61,upcoming,飢餓七兔,2023-09-09T12:00:00Z,https://www.twitch.tv/nayomi0204,
6bf231719d5e485fa0cdee99905858d4,upcoming,雜談或小遊戲，偶爾會開ASMR,2023-09-09T12:00:00Z,https://www.twitch.tv/xiaoke0109,
8c0482285da84b4b97556ccc0d2c8dd9,upcoming,［德州電鋸］攜手初入德州 feat. 雷恩 @rainwolf_1111 、洛歐 @lowo0512 、鯉吉 @r1kichi_,2023-09-09T12:00:00Z,https://www.twitch.tv/yochikido,
a7bb915cc1a0474080d7dbf6d245daf4,upcoming,日常幹话台 【CN/EN】,2023-09-09T12:00:00Z,https://www.twitch.tv/tatsuya_rei,
5535c9524eb046c38e172ebfa06b302f,upcoming,,2023-09-09T13:00:00Z,https://www.twitch.tv/ruroroisme,
4af53c3526f7435a8aac99f42dccb392,upcoming,固定開台,2023-09-09T13:00:00Z,https://www.twitch.tv/milo_lonewolf,
7360e8cae69b4d4fbe91510c776b1c5e,upcoming,｛獄門｝CocytLive,2023-09-09T13:00:00Z,https://www.twitch.tv/nordifencocyt,
eb54f557a3734bfda57ecddd8df07681,upcoming,妖靈畫坊次要營業時間,2023-09-09T13:00:00Z,https://www.twitch.tv/axixxaxi,
9643c650b1804107b85de1f08010aa9d,upcoming,日本麻將 雀魂 一番街 努力段位中,2023-09-09T13:00:00Z,https://www.twitch.tv/otonashikoi,
f44835c18dac441f910f4eb821ffd7ce,upcoming,只要得空就會開 時間還是比較不一定~,2023-09-09T13:00:00Z,https://www.twitch.tv/yukkiwee,
58e377df63f745fc8473368b20afe2ae,upcoming,雜談或歌回直播（連動取代可能）,2023-09-09T13:30:00Z,https://www.twitch.tv/yuutatsubasa,
1618171723d84cbe8b57cd69fa6f477f,upcoming,,2023-09-09T13:30:00Z,https://www.twitch.tv/rin_en_kana,
eadf377f5cbd41ac9842c3f5559268f6,upcoming,,2023-09-09T13:30:00Z,https://www.twitch.tv/om_mosquito,
8b732f3260e0427f9cf795b93ada310a,upcoming,【潛水員戴夫DAVE THE DIVER】來去當壽司師傅啦！潛水訓練營＃1✦ 普拉祈娜・vtuber,2023-09-09T14:00:00Z,https://www.twitch.tv/platinach,
db4fd03c50654057bd32b9201666b345,upcoming,固定開唱歌台,2023-09-09T14:00:00Z,https://www.twitch.tv/shirukaccc,
47cd428eee8640cb80afaa4ef9bb55e0,upcoming,APEX不香嗎?,2023-09-09T15:00:00Z,https://www.twitch.tv/shimotsukinoyouko,
b96f58f4373a4b65977afe5f2829e9e4,upcoming,,2023-09-09T15:00:00Z,https://www.twitch.tv/cieloneve_,
34973abcef4e41b29add2b476ce0a7fb,upcoming,"今日感謝瑾瑜邀請到幼幼相見歡進行雜談,對於自己休息一個月後歸來看到自己的情況...,只能說百感交集",2023-09-09T16:00:00Z,https://www.twitch.tv/sweetcat_10450077,
819cc1636ec94c0ab290b4513c6d629d,upcoming,Healthy Miki,2023-09-09T19:00:00Z,https://www.twitch.tv/mikiaoboshi,
db2f279f9960492082f3ae6ad20aca91,upcoming,【Tom Clancy's Rainbow Six: Siege】,2023-09-09T20:30:00Z,https://www.twitch.tv/suzumiya_siru,
2450f1c7cf8f46c8aa30afaa922c9642,upcoming,最近都是突發,2023-09-09T21:25:00Z,https://www.twitch.tv/setsurei0227,
2af6cb0e15ce4839ba711b47608d4f4d,upcoming,,2023-09-10T01:00:00Z,https://www.twitch.tv/moyu_moyu,
db2f279f9960492082f3ae6ad20aca91,upcoming,【Tom Clancy's Rainbow Six: Siege】,2023-09-10T04:30:00Z,https://www.twitch.tv/suzumiya_siru,
8b027d3a3f374c9c8398b6dd751e5018,upcoming,RP,2023-09-10T05:00:00Z,https://www.twitch.tv/lisheng_tw,
36f4fa8dbd7740c3ae5ac02b890fa502,upcoming,Vtuber養成計畫：人生放送中,2023-09-10T06:00:00Z,https://www.twitch.tv/dr1090a,
6159040406fc4e6cb73dbf9734717703,upcoming,,2023-09-10T06:00:00Z,https://www.twitch.tv/drizzlingnight,
3c5b24ec5e7e4451a917bb1683298c05,upcoming,"【歌回】✨2,000追 & 小收益化慶祝✨【羽宮奈奈】",2023-09-10T07:00:00Z,https://www.twitch.tv/hakunana1203,
15ee6c1788974e31aefed5cc023781af,upcoming,日麻觀眾場,2023-09-10T07:30:00Z,https://www.twitch.tv/yunasaki_vtuber,
5535c9524eb046c38e172ebfa06b302f,upcoming,,2023-09-10T11:00:00Z,https://www.twitch.tv/ruroroisme,
a83b6d485350402b90238deb371ae654,upcoming,骰子地下城,2023-09-10T11:00:00Z,https://www.twitch.tv/monna_nana,
36f4fa8dbd7740c3ae5ac02b890fa502,upcoming,艾爾登法環,2023-09-10T11:00:00Z,https://www.twitch.tv/dr1090a,
47cd428eee8640cb80afaa4ef9bb55e0,upcoming,麻將，FFXIVPVP，APEX,2023-09-10T11:00:00Z,https://www.twitch.tv/shimotsukinoyouko,
b6a105f12b904256ba356935ae46657f,upcoming,每日吸貓時間,2023-09-10T11:30:00Z,https://www.twitch.tv/shiroganemomo,
6d76e6b27f164061a216ec2831bd8dd3,upcoming,週日Rimworld時間!,2023-09-10T12:00:00Z,https://www.twitch.tv/eihraz,
aef2ed42d49343f28394b6335695b5ac,upcoming,,2023-09-10T12:00:00Z,https://www.twitch.tv/yuncream,
6bf231719d5e485fa0cdee99905858d4,upcoming,雜談或小遊戲，偶爾會開ASMR,2023-09-10T12:00:00Z,https://www.twitch.tv/xiaoke0109,
7de64f4deb0946baa8d6b0da69699194,upcoming,繪圖台！繪製中獎觀眾的插圖！,2023-09-10T12:00:00Z,https://www.twitch.tv/jellyfishanang,
a7bb915cc1a0474080d7dbf6d245daf4,upcoming,日常幹话台 【CN/EN】,2023-09-10T12:00:00Z,https://www.twitch.tv/tatsuya_rei,
57843e9c870647729c2438a7a7077008,upcoming,集合吧～歌回的時間到了哦～,2023-09-10T12:00:00Z,https://www.twitch.tv/ainohikaru,
a0467c81a3014fbf83029acffe5b1d3f,upcoming,每週例行麻將大會！歡迎觀眾參加,2023-09-10T12:30:00Z,https://www.twitch.tv/najathepangolin,
7360e8cae69b4d4fbe91510c776b1c5e,upcoming,｛獄門｝CocytLive,2023-09-10T13:00:00Z,https://www.twitch.tv/nordifencocyt,
eb54f557a3734bfda57ecddd8df07681,upcoming,妖靈畫坊主要營業時間,2023-09-10T13:00:00Z,https://www.twitch.tv/axixxaxi,
9643c650b1804107b85de1f08010aa9d,upcoming,日本麻將 雀魂 一番街 努力段位中,2023-09-10T13:00:00Z,https://www.twitch.tv/otonashikoi,
f44835c18dac441f910f4eb821ffd7ce,upcoming,會聊天玩遊戲之類的 反正就是個很棒的大家庭~~,2023-09-10T13:00:00Z,https://www.twitch.tv/yukkiwee,
1618171723d84cbe8b57cd69fa6f477f,upcoming,,2023-09-10T13:30:00Z,https://www.twitch.tv/rin_en_kana,
eadf377f5cbd41ac9842c3f5559268f6,upcoming,,2023-09-10T13:30:00Z,https://www.twitch.tv/om_mosquito,
823311ac8226476e8d1e323f536bf8b1,upcoming,下午14:00~17:30在主委的V曲龍虎榜 深夜雜談做週表~~,2023-09-10T17:30:00Z,https://www.twitch.tv/kujosenko,
819cc1636ec94c0ab290b4513c6d629d,upcoming,Game time,2023-09-10T19:00:00Z,https://www.twitch.tv/mikiaoboshi,
33546b9ad5a8408589405f9467063dd7,upcoming,APEX台,2023-09-11T01:30:00Z,https://www.twitch.tv/boni_0x0,
7180d8a493134a9c932fe790eb17f2e9,upcoming,出沒可能時間：繪圖雜談,2023-09-11T05:00:00Z,https://www.twitch.tv/shinkaitoro,
547aa467c2ce497e9d95c4a085effe0d,upcoming,會開,2023-09-11T05:00:00Z,https://www.twitch.tv/umimiowo,
8b027d3a3f374c9c8398b6dd751e5018,upcoming,RP,2023-09-11T05:00:00Z,https://www.twitch.tv/lisheng_tw,
3dda133703f64b019d7eea0c5cb55335,upcoming,,2023-09-11T05:30:00Z,https://www.twitch.tv/miamya0615,
803435ca691f43a4b02360926fee23d1,upcoming,,2023-09-11T06:00:00Z,https://www.twitch.tv/yukou_ouo,
67b37e4e1f2f49d88a047d650b70be91,upcoming,直播預定,2023-09-11T06:00:00Z,https://www.twitch.tv/yumenoryuusei0404,
5f9ded46df28474bbd1470d761700f30,upcoming,一周開始的運動 / Boot up the week with Exercise 😈,2023-09-11T10:00:00Z,https://www.twitch.tv/fuyukisakura,
36f4fa8dbd7740c3ae5ac02b890fa502,upcoming,Vtuber養成計畫：人生放送中,2023-09-11T11:00:00Z,https://www.twitch.tv/dr1090a,
091ac99f10804fe3b417a0f285731b4e,upcoming,瑪搽瘋遊戲-在YT喔,2023-09-11T11:00:00Z,https://www.twitch.tv/umamixchami,
67b37e4e1f2f49d88a047d650b70be91,upcoming,配信予定あり,2023-09-11T11:00:00Z,https://www.twitch.tv/yumenoryuusei0404,
de81b740d66c439685aa37491d27efc4,upcoming,固定直播日,2023-09-11T11:30:00Z,https://www.twitch.tv/lmpaper,
d8b5835bc6aa46119cc7ddd4447e780f,upcoming,這是魔法師 ˗ˋˏ 咘小星 ˎˊ˗ 使用召喚術的固定時段⎝༼ ◕Д ◕ ༽⎠（如有變動以DC群為主）,2023-09-11T11:30:00Z,https://www.twitch.tv/ssstar_180,
a89f7ee46cc14dff93675ce5bb82a692,upcoming,藍色星期一有藍色小妖精✨,2023-09-11T11:30:00Z,https://www.twitch.tv/eveliacridland,
6159040406fc4e6cb73dbf9734717703,upcoming,,2023-09-11T12:00:00Z,https://www.twitch.tv/drizzlingnight,
aef2ed42d49343f28394b6335695b5ac,upcoming,,2023-09-11T12:00:00Z,https://www.twitch.tv/yuncream,
8b810380ed254a5e8a85b65552ba4e61,upcoming,該餵七兔了,2023-09-11T12:00:00Z,https://www.twitch.tv/nayomi0204,
1618171723d84cbe8b57cd69fa6f477f,upcoming,,2023-09-11T12:00:00Z,https://www.twitch.tv/rin_en_kana,
31a4ca5b5d554c13902eff32302e5eb9,upcoming,,2023-09-11T12:00:00Z,https://www.twitch.tv/chiyouboss,
57843e9c870647729c2438a7a7077008,upcoming,集合吧～歌回的時間到了哦～,2023-09-11T12:00:00Z,https://www.twitch.tv/ainohikaru,
554ca19c3d924cacac1f680675b9fdd2,upcoming,原神日常任務及聊天,2023-09-11T12:30:00Z,https://www.twitch.tv/yueyuhoshizora,
4af53c3526f7435a8aac99f42dccb392,upcoming,固定開台,2023-09-11T13:00:00Z,https://www.twitch.tv/milo_lonewolf,
f44835c18dac441f910f4eb821ffd7ce,upcoming,只要得空就會開 時間還是比較不一定~,2023-09-11T13:00:00Z,https://www.twitch.tv/yukkiwee,
58e377df63f745fc8473368b20afe2ae,upcoming,遊戲直播,2023-09-11T13:30:00Z,https://www.twitch.tv/yuutatsubasa,
eadf377f5cbd41ac9842c3f5559268f6,upcoming,,2023-09-11T13:30:00Z,https://www.twitch.tv/om_mosquito,
db4fd03c50654057bd32b9201666b345,upcoming,固定開唱歌台,2023-09-11T14:00:00Z,https://www.twitch.tv/shirukaccc,
3c5b24ec5e7e4451a917bb1683298c05,upcoming,【深夜聊聊】週一吸麻糬,2023-09-11T14:00:00Z,https://www.twitch.tv/hakunana1203,
5b85294949544a5f8855715acadf66a5,upcoming,✦ ✧ ✦週一讀書夜，島嶼擱淺：黑日雨✦ ✧ ✦,2023-09-11T14:30:00Z,https://www.twitch.tv/cesium_cat,
db2f279f9960492082f3ae6ad20aca91,upcoming,【Tom Clancy's Rainbow Six: Siege】,2023-09-11T16:30:00Z,https://www.twitch.tv/suzumiya_siru,
819cc1636ec94c0ab290b4513c6d629d,upcoming,Gamer Miki,2023-09-11T20:00:00Z,https://www.twitch.tv/mikiaoboshi,
d407b30c72a841bd82af1f5cc8ec0667,upcoming,台V好聲音 - 介紹你可能不知道的台灣 VTuber 們，從美妙歌聲到獨特個性，不知道從何˙看起的最佳入門選擇,2023-09-12T01:00:00Z,https://www.twitch.tv/chiveswang_vtuber,
33546b9ad5a8408589405f9467063dd7,upcoming,歌回台,2023-09-12T01:30:00Z,https://www.twitch.tv/boni_0x0,
428251b7832a48219276fb6e5f644e86,upcoming,當個不老不新的獵人(順便拜託你們多留言),2023-09-12T02:00:00Z,https://www.twitch.tv/karami086,
7180d8a493134a9c932fe790eb17f2e9,upcoming,出沒可能時間：繪圖雜談,2023-09-12T05:00:00Z,https://www.twitch.tv/shinkaitoro,
547aa467c2ce497e9d95c4a085effe0d,upcoming,會開,2023-09-12T05:00:00Z,https://www.twitch.tv/umimiowo,
8b027d3a3f374c9c8398b6dd751e5018,upcoming,RP,2023-09-12T05:00:00Z,https://www.twitch.tv/lisheng_tw,
3dda133703f64b019d7eea0c5cb55335,upcoming,,2023-09-12T05:30:00Z,https://www.twitch.tv/miamya0615,
803435ca691f43a4b02360926fee23d1,upcoming,,2023-09-12T06:00:00Z,https://www.twitch.tv/yukou_ouo,
67b37e4e1f2f49d88a047d650b70be91,upcoming,直播預定,2023-09-12T06:00:00Z,https://www.twitch.tv/yumenoryuusei0404,
3c5b24ec5e7e4451a917bb1683298c05,upcoming,【晚餐聊天學魔法】週二晚上來點魔法魔法,2023-09-12T10:00:00Z,https://www.twitch.tv/hakunana1203,
36f4fa8dbd7740c3ae5ac02b890fa502,upcoming,Vtuber養成計畫：人生放送中,2023-09-12T11:00:00Z,https://www.twitch.tv/dr1090a,
de81b740d66c439685aa37491d27efc4,upcoming,固定直播日,2023-09-12T11:30:00Z,https://www.twitch.tv/lmpaper,
d8b5835bc6aa46119cc7ddd4447e780f,upcoming,這是魔法師 ˗ˋˏ 咘小星 ˎˊ˗ 使用召喚術的固定時段⎝༼ ◕Д ◕ ༽⎠（如有變動以DC群為主）,2023-09-12T11:30:00Z,https://www.twitch.tv/ssstar_180,
a83b6d485350402b90238deb371ae654,upcoming,巧克團,2023-09-12T12:00:00Z,https://www.twitch.tv/monna_nana,
e41bf48a09d64e4aa3d96064a9a63b08,upcoming,【魔物獵人:崛起】魔物獵人PC打起來٩(◦`꒳´◦)۶自由參加場,2023-09-12T12:00:00Z,https://www.twitch.tv/azuchiron,
6159040406fc4e6cb73dbf9734717703,upcoming,,2023-09-12T12:00:00Z,https://www.twitch.tv/drizzlingnight,
aef2ed42d49343f28394b6335695b5ac,upcoming,,2023-09-12T12:00:00Z,https://www.twitch.tv/yuncream,
8b810380ed254a5e8a85b65552ba4e61,upcoming,餵七兔時間到,2023-09-12T12:00:00Z,https://www.twitch.tv/nayomi0204,
8f12066334ed4c4dae19ca1152781e59,upcoming,圖奇初見瓦羅蘭！！！！！七夕配槍槍！！！！wooniya！！！,2023-09-12T12:00:00Z,https://www.twitch.tv/hinamorirabi,
1618171723d84cbe8b57cd69fa6f477f,upcoming,,2023-09-12T12:00:00Z,https://www.twitch.tv/rin_en_kana,
67b37e4e1f2f49d88a047d650b70be91,upcoming,配信予定あり,2023-09-12T12:00:00Z,https://www.twitch.tv/yumenoryuusei0404,
a7bb915cc1a0474080d7dbf6d245daf4,upcoming,日常幹话台 【CN/EN】,2023-09-12T12:00:00Z,https://www.twitch.tv/tatsuya_rei,
9272afe9ef72434082d9b5621857afd0,upcoming,【懷舊系列遊戲】失戀換男友＝結婚？貓姬若的最後時光 | 新式PK陪聊型Vtuber遊戲直播,2023-09-12T12:30:00Z,https://www.twitch.tv/gilma04,
4af53c3526f7435a8aac99f42dccb392,upcoming,固定開台,2023-09-12T13:00:00Z,https://www.twitch.tv/milo_lonewolf,
4c34c44a98974b709f7dbc7618847fd6,upcoming,嘎嘎嘎,2023-09-12T13:00:00Z,https://www.twitch.tv/5l5l3,
f44835c18dac441f910f4eb821ffd7ce,upcoming,只要得空就會開 時間還是比較不一定~,2023-09-12T13:00:00Z,https://www.twitch.tv/yukkiwee,
58e377df63f745fc8473368b20afe2ae,upcoming,程式直播（連動取代可能）,2023-09-12T13:30:00Z,https://www.twitch.tv/yuutatsubasa,
28e6f7c12a3b45899e7508058f926af9,upcoming,鐵駒行動/黑暗時刻週二固定團 Raiding Tuesday,2023-09-12T13:30:00Z,https://www.twitch.tv/phivy,
eadf377f5cbd41ac9842c3f5559268f6,upcoming,,2023-09-12T13:30:00Z,https://www.twitch.tv/om_mosquito,
2af6cb0e15ce4839ba711b47608d4f4d,upcoming,【Art】畫畫,2023-09-12T14:00:00Z,https://www.twitch.tv/moyu_moyu,
eb54f557a3734bfda57ecddd8df07681,upcoming,妖靈畫坊可能突發,2023-09-12T14:00:00Z,https://www.twitch.tv/axixxaxi,
db4fd03c50654057bd32b9201666b345,upcoming,固定開唱歌台,2023-09-12T14:00:00Z,https://www.twitch.tv/shirukaccc,
025ce8dccaa4466c80061aa308c378c3,upcoming,#晚安新聞台 #晚安故事 ｜ 現在是什麼世道呢？我所見所聞與自身體認到的內容，希望能在更新這個世界的新知同時也跟各位談談對於這些事情的看法。,2023-09-12T15:00:00Z,https://www.twitch.tv/shima_takasato,
db2f279f9960492082f3ae6ad20aca91,upcoming,【Tom Clancy's Rainbow Six: Siege】,2023-09-12T16:30:00Z,https://www.twitch.tv/suzumiya_siru,
33546b9ad5a8408589405f9467063dd7,upcoming,遊戲台,2023-09-13T01:30:00Z,https://www.twitch.tv/boni_0x0,
7a9b7ab0d5bd411195d77800ff778a90,upcoming,沒有固定時間,2023-09-13T04:00:00Z,https://www.twitch.tv/1128wedge,
7180d8a493134a9c932fe790eb17f2e9,upcoming,出沒可能時間：繪圖雜談,2023-09-13T05:00:00Z,https://www.twitch.tv/shinkaitoro,
547aa467c2ce497e9d95c4a085effe0d,upcoming,會開,2023-09-13T05:00:00Z,https://www.twitch.tv/umimiowo,
8b027d3a3f374c9c8398b6dd751e5018,upcoming,RP,2023-09-13T05:00:00Z,https://www.twitch.tv/lisheng_tw,
428251b7832a48219276fb6e5f644e86,upcoming,打龍啦(順便拜託你們多留言),2023-09-13T06:00:00Z,https://www.twitch.tv/karami086,
803435ca691f43a4b02360926fee23d1,upcoming,,2023-09-13T06:00:00Z,https://www.twitch.tv/yukou_ouo,
3c5b24ec5e7e4451a917bb1683298c05,upcoming,【晚餐聊天學魔法】週三來陪麻糬玩,2023-09-13T10:00:00Z,https://www.twitch.tv/hakunana1203,
36f4fa8dbd7740c3ae5ac02b890fa502,upcoming,Vtuber養成計畫：人生放送中,2023-09-13T11:00:00Z,https://www.twitch.tv/dr1090a,
091ac99f10804fe3b417a0f285731b4e,upcoming,烏瑪咪x搽米無限系-在YT喔,2023-09-13T11:00:00Z,https://www.twitch.tv/umamixchami,
de81b740d66c439685aa37491d27efc4,upcoming,固定直播日,2023-09-13T11:30:00Z,https://www.twitch.tv/lmpaper,
b6a105f12b904256ba356935ae46657f,upcoming,每日吸貓時間,2023-09-13T11:30:00Z,https://www.twitch.tv/shiroganemomo,
d8b5835bc6aa46119cc7ddd4447e780f,upcoming,這是魔法師 ˗ˋˏ 咘小星 ˎˊ˗ 使用召喚術的固定時段⎝༼ ◕Д ◕ ༽⎠（如有變動以DC群為主）,2023-09-13T11:30:00Z,https://www.twitch.tv/ssstar_180,
228427b15b964f1396b5a7b5eb224a21,upcoming,Asteria配音時間，一起來聽劇本、閒聊吧！,2023-09-13T12:00:00Z,https://www.twitch.tv/asterialive0503,
a83b6d485350402b90238deb371ae654,upcoming,觀眾同樂,2023-09-13T12:00:00Z,https://www.twitch.tv/monna_nana,
6159040406fc4e6cb73dbf9734717703,upcoming,,2023-09-13T12:00:00Z,https://www.twitch.tv/drizzlingnight,
aef2ed42d49343f28394b6335695b5ac,upcoming,,2023-09-13T12:00:00Z,https://www.twitch.tv/yuncream,
8b810380ed254a5e8a85b65552ba4e61,upcoming,七兔肚子餓,2023-09-13T12:00:00Z,https://www.twitch.tv/nayomi0204,
444dcf020b27400087d2b2b21135033c,upcoming,林間盃日麻,2023-09-13T12:00:00Z,https://www.twitch.tv/v_hanasakiayame,
a7bb915cc1a0474080d7dbf6d245daf4,upcoming,日常幹话台 【CN/EN】,2023-09-13T12:00:00Z,https://www.twitch.tv/tatsuya_rei,
554ca19c3d924cacac1f680675b9fdd2,upcoming,原神日常任務及聊天,2023-09-13T12:30:00Z,https://www.twitch.tv/yueyuhoshizora,
4af53c3526f7435a8aac99f42dccb392,upcoming,突發或休息,2023-09-13T13:00:00Z,https://www.twitch.tv/milo_lonewolf,
f44835c18dac441f910f4eb821ffd7ce,upcoming,只要得空就會開 時間還是比較不一定~,2023-09-13T13:00:00Z,https://www.twitch.tv/yukkiwee,
eadf377f5cbd41ac9842c3f5559268f6,upcoming,,2023-09-13T13:30:00Z,https://www.twitch.tv/om_mosquito,
eb54f557a3734bfda57ecddd8df07681,upcoming,妖靈畫坊可能突發,2023-09-13T14:00:00Z,https://www.twitch.tv/axixxaxi,
8b732f3260e0427f9cf795b93ada310a,upcoming,【萊莎的鍊金工房 ～常闇女王與秘密藏身處～】大腿我來了#2 ✦ 普拉祈娜・vtuber,2023-09-13T14:00:00Z,https://www.twitch.tv/platinach,
db4fd03c50654057bd32b9201666b345,upcoming,固定開唱歌台,2023-09-13T14:00:00Z,https://www.twitch.tv/shirukaccc,
819cc1636ec94c0ab290b4513c6d629d,upcoming,Art with Miki,2023-09-13T20:00:00Z,https://www.twitch.tv/mikiaoboshi,
33546b9ad5a8408589405f9467063dd7,upcoming,耍費台,2023-09-14T01:30:00Z,https://www.twitch.tv/boni_0x0,
428251b7832a48219276fb6e5f644e86,upcoming,看我能打龍到多久(順便拜託你們多留言),2023-09-14T02:00:00Z,https://www.twitch.tv/karami086,
7180d8a493134a9c932fe790eb17f2e9,upcoming,出沒可能時間：繪圖雜談,2023-09-14T05:00:00Z,https://www.twitch.tv/shinkaitoro,
547aa467c2ce497e9d95c4a085effe0d,upcoming,會開,2023-09-14T05:00:00Z,https://www.twitch.tv/umimiowo,
3dda133703f64b019d7eea0c5cb55335,upcoming,,2023-09-14T05:30:00Z,https://www.twitch.tv/miamya0615,
803435ca691f43a4b02360926fee23d1,upcoming,,2023-09-14T06:00:00Z,https://www.twitch.tv/yukou_ouo,
5f9ded46df28474bbd1470d761700f30,upcoming,美妙的舞蹈大會 / Dance with Sakura!,2023-09-14T10:00:00Z,https://www.twitch.tv/fuyukisakura,
3c5b24ec5e7e4451a917bb1683298c05,upcoming,【遊戲】哥布林努力向學中 ( ☉_☉)≡☞o────★°【羽宮奈奈】,2023-09-14T10:00:00Z,https://www.twitch.tv/hakunana1203,
36f4fa8dbd7740c3ae5ac02b890fa502,upcoming,Vtuber養成計畫：人生放送中,2023-09-14T11:00:00Z,https://www.twitch.tv/dr1090a,
de81b740d66c439685aa37491d27efc4,upcoming,固定直播日,2023-09-14T11:30:00Z,https://www.twitch.tv/lmpaper,
b6a105f12b904256ba356935ae46657f,upcoming,每日吸貓時間,2023-09-14T11:30:00Z,https://www.twitch.tv/shiroganemomo,
d8b5835bc6aa46119cc7ddd4447e780f,upcoming,這是魔法師 ˗ˋˏ 咘小星 ˎˊ˗ 使用召喚術的固定時段⎝༼ ◕Д ◕ ༽⎠（如有變動以DC群為主）,2023-09-14T11:30:00Z,https://www.twitch.tv/ssstar_180,
d8b0b4e36c614d328620461a295572a1,upcoming,,2023-09-14T11:30:00Z,https://www.twitch.tv/jumpshi,
0c09a69445864b44adbba11b487f9b1a,upcoming,做連動封面圖！努力開台衝門檻！,2023-09-14T11:30:00Z,https://www.twitch.tv/amane_tainan,
090be1be8d29429183e190e22fc4be22,upcoming,試試看這ㄍ功能【Ness9s奈斯糖】,2023-09-14T12:00:00Z,https://www.twitch.tv/ness9s1222,
a83b6d485350402b90238deb371ae654,upcoming,雜談,2023-09-14T12:00:00Z,https://www.twitch.tv/monna_nana,
6159040406fc4e6cb73dbf9734717703,upcoming,,2023-09-14T12:00:00Z,https://www.twitch.tv/drizzlingnight,
aef2ed42d49343f28394b6335695b5ac,upcoming,,2023-09-14T12:00:00Z,https://www.twitch.tv/yuncream,
8b810380ed254a5e8a85b65552ba4e61,upcoming,七兔餵食秀,2023-09-14T12:00:00Z,https://www.twitch.tv/nayomi0204,
8f12066334ed4c4dae19ca1152781e59,upcoming,APEX大逃殺！！！FEAT.都兔零、和泉冬月,2023-09-14T12:00:00Z,https://www.twitch.tv/hinamorirabi,
1618171723d84cbe8b57cd69fa6f477f,upcoming,,2023-09-14T12:00:00Z,https://www.twitch.tv/rin_en_kana,
a7bb915cc1a0474080d7dbf6d245daf4,upcoming,日常幹话台 【CN/EN】,2023-09-14T12:00:00Z,https://www.twitch.tv/tatsuya_rei,
554ca19c3d924cacac1f680675b9fdd2,upcoming,原神日常任務及聊天,2023-09-14T12:30:00Z,https://www.twitch.tv/yueyuhoshizora,
4af53c3526f7435a8aac99f42dccb392,upcoming,固定開台,2023-09-14T13:00:00Z,https://www.twitch.tv/milo_lonewolf,
f44835c18dac441f910f4eb821ffd7ce,upcoming,只要得空就會開 時間還是比較不一定~,2023-09-14T13:00:00Z,https://www.twitch.tv/yukkiwee,
58e377df63f745fc8473368b20afe2ae,upcoming,遊戲或其他直播（連動取代可能）,2023-09-14T13:30:00Z,https://www.twitch.tv/yuutatsubasa,
eadf377f5cbd41ac9842c3f5559268f6,upcoming,,2023-09-14T13:30:00Z,https://www.twitch.tv/om_mosquito,
eb54f557a3734bfda57ecddd8df07681,upcoming,妖靈畫坊可能突發,2023-09-14T14:00:00Z,https://www.twitch.tv/axixxaxi,
db4fd03c50654057bd32b9201666b345,upcoming,固定開唱歌台,2023-09-14T14:00:00Z,https://www.twitch.tv/shirukaccc,
025ce8dccaa4466c80061aa308c378c3,upcoming,#遊戲台 #隆理在玩 ｜ 雖然我對計算有點信心，但職場中的算計我真不懂，用 #策略遊戲 與 #解謎遊戲 來磨練吧，或者 #恐怖遊戲 也說不定可以?,2023-09-14T15:00:00Z,https://www.twitch.tv/shima_takasato,
db2f279f9960492082f3ae6ad20aca91,upcoming,【CODE VEIN】,2023-09-14T16:30:00Z,https://www.twitch.tv/suzumiya_siru,
d407b30c72a841bd82af1f5cc8ec0667,upcoming,主委泡茶間 邀請不同類型的來賓來對談，主題依當周來賓性質而定,2023-09-15T01:00:00Z,https://www.twitch.tv/chiveswang_vtuber,
33546b9ad5a8408589405f9467063dd7,upcoming,快樂台,2023-09-15T01:30:00Z,https://www.twitch.tv/boni_0x0,
c29bc8bf78dd417980491f19333c8fa2,upcoming,工作雜談,2023-09-15T04:00:00Z,https://www.twitch.tv/muling0606,
7180d8a493134a9c932fe790eb17f2e9,upcoming,出沒可能時間：繪圖雜談,2023-09-15T05:00:00Z,https://www.twitch.tv/shinkaitoro,
9e6e69bfb48e4be0a8eecc737a6a0ba1,upcoming,週五下午可能唱唱,2023-09-15T05:00:00Z,https://www.twitch.tv/aster_ur,
547aa467c2ce497e9d95c4a085effe0d,upcoming,會開,2023-09-15T05:00:00Z,https://www.twitch.tv/umimiowo,
8b027d3a3f374c9c8398b6dd751e5018,upcoming,RP,2023-09-15T05:00:00Z,https://www.twitch.tv/lisheng_tw,
3dda133703f64b019d7eea0c5cb55335,upcoming,,2023-09-15T05:30:00Z,https://www.twitch.tv/miamya0615,
803435ca691f43a4b02360926fee23d1,upcoming,,2023-09-15T06:00:00Z,https://www.twitch.tv/yukou_ouo,
b3e0bc9dd06f4774b492e6d50dd92be2,upcoming,,2023-09-15T07:17:00Z,https://www.twitch.tv/setsumu1207,
fcb4d9b8cd4a49dba6b421d97c179065,upcoming,練槍啦~!(*‘ v`*),2023-09-15T09:30:00Z,https://www.twitch.tv/mayasuzume,
3c5b24ec5e7e4451a917bb1683298c05,upcoming,【遊戲】貪還要更貪！！潛水給魚追啦🐟【羽宮奈奈】| Dave The Diver 潛水員戴夫,2023-09-15T10:00:00Z,https://www.twitch.tv/hakunana1203,
b6a105f12b904256ba356935ae46657f,upcoming,每日吸貓時間,2023-09-15T11:30:00Z,https://www.twitch.tv/shiroganemomo,
d8b5835bc6aa46119cc7ddd4447e780f,upcoming,這是魔法師 ˗ˋˏ 咘小星 ˎˊ˗ 使用召喚術的固定時段⎝༼ ◕Д ◕ ༽⎠（如有變動以DC群為主）,2023-09-15T11:30:00Z,https://www.twitch.tv/ssstar_180,
4efffd7632e94c9faad30a543c3e1150,upcoming,,2023-09-15T11:30:00Z,https://www.twitch.tv/aveza_manon,
de81b740d66c439685aa37491d27efc4,upcoming,觀眾同樂會,2023-09-15T12:00:00Z,https://www.twitch.tv/lmpaper,
6d76e6b27f164061a216ec2831bd8dd3,upcoming,日常塔！,2023-09-15T12:00:00Z,https://www.twitch.tv/eihraz,
a83b6d485350402b90238deb371ae654,upcoming,巧克團,2023-09-15T12:00:00Z,https://www.twitch.tv/monna_nana,
091ac99f10804fe3b417a0f285731b4e,upcoming,咪米黑白講,2023-09-15T12:00:00Z,https://www.twitch.tv/umamixchami,
aef2ed42d49343f28394b6335695b5ac,upcoming,,2023-09-15T12:00:00Z,https://www.twitch.tv/yuncream,
8b810380ed254a5e8a85b65552ba4e61,upcoming,七兔肚子咕咕叫,2023-09-15T12:00:00Z,https://www.twitch.tv/nayomi0204,
6bf231719d5e485fa0cdee99905858d4,upcoming,雜談或是治癒小遊戲,2023-09-15T12:00:00Z,https://www.twitch.tv/xiaoke0109,
31a4ca5b5d554c13902eff32302e5eb9,upcoming,,2023-09-15T12:00:00Z,https://www.twitch.tv/chiyouboss,
a7bb915cc1a0474080d7dbf6d245daf4,upcoming,日常幹话台 【CN/EN】,2023-09-15T12:00:00Z,https://www.twitch.tv/tatsuya_rei,
554ca19c3d924cacac1f680675b9fdd2,upcoming,原神日常任務及聊天,2023-09-15T12:30:00Z,https://www.twitch.tv/yueyuhoshizora,
4af53c3526f7435a8aac99f42dccb392,upcoming,固定開台,2023-09-15T13:00:00Z,https://www.twitch.tv/milo_lonewolf,
eadf377f5cbd41ac9842c3f5559268f6,upcoming,,2023-09-15T13:30:00Z,https://www.twitch.tv/om_mosquito,
2af6cb0e15ce4839ba711b47608d4f4d,upcoming,【Art】畫畫,2023-09-15T14:00:00Z,https://www.twitch.tv/moyu_moyu,
db4fd03c50654057bd32b9201666b345,upcoming,固定開唱歌台,2023-09-15T14:00:00Z,https://www.twitch.tv/shirukaccc,
1618171723d84cbe8b57cd69fa6f477f,upcoming,,2023-09-15T15:00:00Z,https://www.twitch.tv/rin_en_kana,
abda6c94394b47ba885c34417e3a4d08,upcoming,【🔴Live】雑談 ! 正太貓貓的伴眠時間 ! / 伊沢悠人,2023-09-15T15:00:00Z,https://www.twitch.tv/izawayuuto0726,
b96f58f4373a4b65977afe5f2829e9e4,upcoming,プロセカ,2023-09-15T15:00:00Z,https://www.twitch.tv/cieloneve_,
f6a4e7aa8d0c4e5cb39d199845ec4d02,upcoming,APEX特化,2023-09-15T17:00:00Z,https://www.twitch.tv/vtuber_amiru,
9e6e69bfb48e4be0a8eecc737a6a0ba1,upcoming,週六半夜也可能唱唱,2023-09-15T17:00:00Z,https://www.twitch.tv/aster_ur,
819cc1636ec94c0ab290b4513c6d629d,upcoming,MHR with Miki,2023-09-15T20:00:00Z,https://www.twitch.tv/mikiaoboshi,
c29bc8bf78dd417980491f19333c8fa2,upcoming,工作雜談,2023-09-16T04:00:00Z,https://www.twitch.tv/muling0606,
cef544ae38ec4c03ad337e68e2d885f4,upcoming,Apex or osu chat,2023-09-16T04:00:00Z,https://www.twitch.tv/ilzenkion1,
31a4ca5b5d554c13902eff32302e5eb9,upcoming,,2023-09-16T05:00:00Z,https://www.twitch.tv/chiyouboss,
8b027d3a3f374c9c8398b6dd751e5018,upcoming,RP,2023-09-16T05:00:00Z,https://www.twitch.tv/lisheng_tw,
3dda133703f64b019d7eea0c5cb55335,upcoming,,2023-09-16T05:30:00Z,https://www.twitch.tv/miamya0615,
5f9ded46df28474bbd1470d761700f30,upcoming,[Not stream] Join us on VRChat!,2023-09-16T07:00:00Z,https://www.twitch.tv/fuyukisakura,
33546b9ad5a8408589405f9467063dd7,upcoming,歌回台,2023-09-16T07:00:00Z,https://www.twitch.tv/boni_0x0,
15ee6c1788974e31aefed5cc023781af,upcoming,模擬市民4,2023-09-16T07:30:00Z,https://www.twitch.tv/yunasaki_vtuber,
b6a105f12b904256ba356935ae46657f,upcoming,每日吸貓時間,2023-09-16T11:30:00Z,https://www.twitch.tv/shiroganemomo,
de81b740d66c439685aa37491d27efc4,upcoming,固定直播日,2023-09-16T12:00:00Z,https://www.twitch.tv/lmpaper,
a83b6d485350402b90238deb371ae654,upcoming,星露谷,2023-09-16T12:00:00Z,https://www.twitch.tv/monna_nana,
8b810380ed254a5e8a85b65552ba4e61,upcoming,飢餓七兔,2023-09-16T12:00:00Z,https://www.twitch.tv/nayomi0204,
6bf231719d5e485fa0cdee99905858d4,upcoming,雜談或小遊戲，偶爾會開ASMR,2023-09-16T12:00:00Z,https://www.twitch.tv/xiaoke0109,
a7bb915cc1a0474080d7dbf6d245daf4,upcoming,日常幹话台 【CN/EN】,2023-09-16T12:00:00Z,https://www.twitch.tv/tatsuya_rei,
5535c9524eb046c38e172ebfa06b302f,upcoming,,2023-09-16T13:00:00Z,https://www.twitch.tv/ruroroisme,
4af53c3526f7435a8aac99f42dccb392,upcoming,固定開台,2023-09-16T13:00:00Z,https://www.twitch.tv/milo_lonewolf,
eb54f557a3734bfda57ecddd8df07681,upcoming,妖靈畫坊次要營業時間,2023-09-16T13:00:00Z,https://www.twitch.tv/axixxaxi,
9643c650b1804107b85de1f08010aa9d,upcoming,日本麻將 雀魂 一番街 努力段位中,2023-09-16T13:00:00Z,https://www.twitch.tv/otonashikoi,
58e377df63f745fc8473368b20afe2ae,upcoming,雜談或歌回直播（連動取代可能）,2023-09-16T13:30:00Z,https://www.twitch.tv/yuutatsubasa,
1618171723d84cbe8b57cd69fa6f477f,upcoming,,2023-09-16T13:30:00Z,https://www.twitch.tv/rin_en_kana,
8b732f3260e0427f9cf795b93ada310a,upcoming,【潛水員戴夫DAVE THE DIVER】來去當壽司師傅啦！潛水訓練營＃1✦ 普拉祈娜・vtuber,2023-09-16T14:00:00Z,https://www.twitch.tv/platinach,
db4fd03c50654057bd32b9201666b345,upcoming,固定開唱歌台,2023-09-16T14:00:00Z,https://www.twitch.tv/shirukaccc,
b96f58f4373a4b65977afe5f2829e9e4,upcoming,,2023-09-16T15:00:00Z,https://www.twitch.tv/cieloneve_,
34973abcef4e41b29add2b476ce0a7fb,upcoming,"今日感謝瑾瑜邀請到幼幼相見歡進行雜談,對於自己休息一個月後歸來看到自己的情況...,只能說百感交集",2023-09-16T16:00:00Z,https://www.twitch.tv/sweetcat_10450077,
819cc1636ec94c0ab290b4513c6d629d,upcoming,Healthy Miki,2023-09-16T19:00:00Z,https://www.twitch.tv/mikiaoboshi,
2450f1c7cf8f46c8aa30afaa922c9642,upcoming,最近都是突發,2023-09-16T21:25:00Z,https://www.twitch.tv/setsurei0227,
2af6cb0e15ce4839ba711b47608d4f4d,upcoming,,2023-09-17T01:00:00Z,https://www.twitch.tv/moyu_moyu,
5535c9524eb046c38e172ebfa06b302f,upcoming,,2023-09-17T11:00:00Z,https://www.twitch.tv/ruroroisme,
b6a105f12b904256ba356935ae46657f,upcoming,每日吸貓時間,2023-09-17T11:30:00Z,https://www.twitch.tv/shiroganemomo,
6d76e6b27f164061a216ec2831bd8dd3,upcoming,週日Rimworld時間!,2023-09-17T12:00:00Z,https://www.twitch.tv/eihraz,
6bf231719d5e485fa0cdee99905858d4,upcoming,雜談或小遊戲，偶爾會開ASMR,2023-09-17T12:00:00Z,https://www.twitch.tv/xiaoke0109,
7de64f4deb0946baa8d6b0da69699194,upcoming,繪圖台！繪製中獎觀眾的插圖！,2023-09-17T12:00:00Z,https://www.twitch.tv/jellyfishanang,
57843e9c870647729c2438a7a7077008,upcoming,集合吧～歌回的時間到了哦～,2023-09-17T12:00:00Z,https://www.twitch.tv/ainohikaru,
a0467c81a3014fbf83029acffe5b1d3f,upcoming,每週例行麻將大會！歡迎觀眾參加,2023-09-17T12:30:00Z,https://www.twitch.tv/najathepangolin,
eb54f557a3734bfda57ecddd8df07681,upcoming,妖靈畫坊主要營業時間,2023-09-17T13:00:00Z,https://www.twitch.tv/axixxaxi,
9643c650b1804107b85de1f08010aa9d,upcoming,日本麻將 雀魂 一番街 努力段位中,2023-09-17T13:00:00Z,https://www.twitch.tv/otonashikoi,
1618171723d84cbe8b57cd69fa6f477f,upcoming,,2023-09-17T13:30:00Z,https://www.twitch.tv/rin_en_kana,
823311ac8226476e8d1e323f536bf8b1,upcoming,下午14:00~17:30在主委的V曲龍虎榜 深夜雜談做週表~~,2023-09-17T17:30:00Z,https://www.twitch.tv/kujosenko,
819cc1636ec94c0ab290b4513c6d629d,upcoming,Game time,2023-09-17T19:00:00Z,https://www.twitch.tv/mikiaoboshi,
7180d8a493134a9c932fe790eb17f2e9,upcoming,出沒可能時間：繪圖雜談,2023-09-18T05:00:00Z,https://www.twitch.tv/shinkaitoro,
547aa467c2ce497e9d95c4a085effe0d,upcoming,會開,2023-09-18T05:00:00Z,https://www.twitch.tv/umimiowo,
3dda133703f64b019d7eea0c5cb55335,upcoming,,2023-09-18T05:30:00Z,https://www.twitch.tv/miamya0615,
803435ca691f43a4b02360926fee23d1,upcoming,,2023-09-18T06:00:00Z,https://www.twitch.tv/yukou_ouo,
5f9ded46df28474bbd1470d761700f30,upcoming,一周開始的運動 / Boot up the week with Exercise 😈,2023-09-18T10:00:00Z,https://www.twitch.tv/fuyukisakura,
091ac99f10804fe3b417a0f285731b4e,upcoming,瑪搽瘋遊戲-在YT喔,2023-09-18T11:00:00Z,https://www.twitch.tv/umamixchami,
d8b5835bc6aa46119cc7ddd4447e780f,upcoming,這是魔法師 ˗ˋˏ 咘小星 ˎˊ˗ 使用召喚術的固定時段⎝༼ ◕Д ◕ ༽⎠（如有變動以DC群為主）,2023-09-18T11:30:00Z,https://www.twitch.tv/ssstar_180,
a89f7ee46cc14dff93675ce5bb82a692,upcoming,藍色星期一有藍色小妖精✨,2023-09-18T11:30:00Z,https://www.twitch.tv/eveliacridland,
31a4ca5b5d554c13902eff32302e5eb9,upcoming,,2023-09-18T12:00:00Z,https://www.twitch.tv/chiyouboss,
57843e9c870647729c2438a7a7077008,upcoming,集合吧～歌回的時間到了哦～,2023-09-18T12:00:00Z,https://www.twitch.tv/ainohikaru,
554ca19c3d924cacac1f680675b9fdd2,upcoming,原神日常任務及聊天,2023-09-18T12:30:00Z,https://www.twitch.tv/yueyuhoshizora,
58e377df63f745fc8473368b20afe2ae,upcoming,遊戲直播,2023-09-18T13:30:00Z,https://www.twitch.tv/yuutatsubasa,
5b85294949544a5f8855715acadf66a5,upcoming,✦ ✧ ✦週一讀書夜，島嶼擱淺：黑日雨✦ ✧ ✦,2023-09-18T14:30:00Z,https://www.twitch.tv/cesium_cat,
819cc1636ec94c0ab290b4513c6d629d,upcoming,Gamer Miki,2023-09-18T20:00:00Z,https://www.twitch.tv/mikiaoboshi,
d407b30c72a841bd82af1f5cc8ec0667,upcoming,台V好聲音 - 介紹你可能不知道的台灣 VTuber 們，從美妙歌聲到獨特個性，不知道從何˙看起的最佳入門選擇,2023-09-19T01:00:00Z,https://www.twitch.tv/chiveswang_vtuber,
428251b7832a48219276fb6e5f644e86,upcoming,當個不老不新的獵人(順便拜託你們多留言),2023-09-19T02:00:00Z,https://www.twitch.tv/karami086,
7180d8a493134a9c932fe790eb17f2e9,upcoming,出沒可能時間：繪圖雜談,2023-09-19T05:00:00Z,https://www.twitch.tv/shinkaitoro,
547aa467c2ce497e9d95c4a085effe0d,upcoming,會開,2023-09-19T05:00:00Z,https://www.twitch.tv/umimiowo,
3dda133703f64b019d7eea0c5cb55335,upcoming,,2023-09-19T05:30:00Z,https://www.twitch.tv/miamya0615,
803435ca691f43a4b02360926fee23d1,upcoming,,2023-09-19T06:00:00Z,https://www.twitch.tv/yukou_ouo,
d8b5835bc6aa46119cc7ddd4447e780f,upcoming,這是魔法師 ˗ˋˏ 咘小星 ˎˊ˗ 使用召喚術的固定時段⎝༼ ◕Д ◕ ༽⎠（如有變動以DC群為主）,2023-09-19T11:30:00Z,https://www.twitch.tv/ssstar_180,
e41bf48a09d64e4aa3d96064a9a63b08,upcoming,【魔物獵人:崛起】魔物獵人PC打起來٩(◦`꒳´◦)۶自由參加場,2023-09-19T12:00:00Z,https://www.twitch.tv/azuchiron,
8f12066334ed4c4dae19ca1152781e59,upcoming,圖奇初見瓦羅蘭！！！！！七夕配槍槍！！！！wooniya！！！,2023-09-19T12:00:00Z,https://www.twitch.tv/hinamorirabi,
9272afe9ef72434082d9b5621857afd0,upcoming,【懷舊系列遊戲】失戀換男友＝結婚？貓姬若的最後時光 | 新式PK陪聊型Vtuber遊戲直播,2023-09-19T12:30:00Z,https://www.twitch.tv/gilma04,
4c34c44a98974b709f7dbc7618847fd6,upcoming,嘎嘎嘎,2023-09-19T13:00:00Z,https://www.twitch.tv/5l5l3,
58e377df63f745fc8473368b20afe2ae,upcoming,程式直播（連動取代可能）,2023-09-19T13:30:00Z,https://www.twitch.tv/yuutatsubasa,
28e6f7c12a3b45899e7508058f926af9,upcoming,鐵駒行動/黑暗時刻週二固定團 Raiding Tuesday,2023-09-19T13:30:00Z,https://www.twitch.tv/phivy,
2af6cb0e15ce4839ba711b47608d4f4d,upcoming,【Art】畫畫,2023-09-19T14:00:00Z,https://www.twitch.tv/moyu_moyu,
eb54f557a3734bfda57ecddd8df07681,upcoming,妖靈畫坊可能突發,2023-09-19T14:00:00Z,https://www.twitch.tv/axixxaxi,
025ce8dccaa4466c80061aa308c378c3,upcoming,#晚安新聞台 #晚安故事 ｜ 現在是什麼世道呢？我所見所聞與自身體認到的內容，希望能在更新這個世界的新知同時也跟各位談談對於這些事情的看法。,2023-09-19T15:00:00Z,https://www.twitch.tv/shima_takasato,
7a9b7ab0d5bd411195d77800ff778a90,upcoming,沒有固定時間,2023-09-20T04:00:00Z,https://www.twitch.tv/1128wedge,
428251b7832a48219276fb6e5f644e86,upcoming,打龍啦(順便拜託你們多留言),2023-09-20T06:00:00Z,https://www.twitch.tv/karami086,
091ac99f10804fe3b417a0f285731b4e,upcoming,烏瑪咪x搽米無限系-在YT喔,2023-09-20T11:00:00Z,https://www.twitch.tv/umamixchami,
228427b15b964f1396b5a7b5eb224a21,upcoming,Asteria配音時間，一起來聽劇本、閒聊吧！,2023-09-20T12:00:00Z,https://www.twitch.tv/asterialive0503,
444dcf020b27400087d2b2b21135033c,upcoming,林間盃日麻,2023-09-20T12:00:00Z,https://www.twitch.tv/v_hanasakiayame,
554ca19c3d924cacac1f680675b9fdd2,upcoming,原神日常任務及聊天,2023-09-20T12:30:00Z,https://www.twitch.tv/yueyuhoshizora,
8b732f3260e0427f9cf795b93ada310a,upcoming,【萊莎的鍊金工房 ～常闇女王與秘密藏身處～】大腿我來了#2 ✦ 普拉祈娜・vtuber,2023-09-20T14:00:00Z,https://www.twitch.tv/platinach,
428251b7832a48219276fb6e5f644e86,upcoming,看我能打龍到多久(順便拜託你們多留言),2023-09-21T02:00:00Z,https://www.twitch.tv/karami086,
5f9ded46df28474bbd1470d761700f30,upcoming,美妙的舞蹈大會 / Dance with Sakura!,2023-09-21T10:00:00Z,https://www.twitch.tv/fuyukisakura,
d8b0b4e36c614d328620461a295572a1,upcoming,,2023-09-21T11:30:00Z,https://www.twitch.tv/jumpshi,
0c09a69445864b44adbba11b487f9b1a,upcoming,做連動封面圖！努力開台衝門檻！,2023-09-21T11:30:00Z,https://www.twitch.tv/amane_tainan,
090be1be8d29429183e190e22fc4be22,upcoming,試試看這ㄍ功能【Ness9s奈斯糖】,2023-09-21T12:00:00Z,https://www.twitch.tv/ness9s1222,
8f12066334ed4c4dae19ca1152781e59,upcoming,APEX大逃殺！！！FEAT.都兔零、和泉冬月,2023-09-21T12:00:00Z,https://www.twitch.tv/hinamorirabi,
554ca19c3d924cacac1f680675b9fdd2,upcoming,原神日常任務及聊天,2023-09-21T12:30:00Z,https://www.twitch.tv/yueyuhoshizora,
58e377df63f745fc8473368b20afe2ae,upcoming,遊戲或其他直播（連動取代可能）,2023-09-21T13:30:00Z,https://www.twitch.tv/yuutatsubasa,
025ce8dccaa4466c80061aa308c378c3,upcoming,#遊戲台 #隆理在玩 ｜ 雖然我對計算有點信心，但職場中的算計我真不懂，用 #策略遊戲 與 #解謎遊戲 來磨練吧，或者 #恐怖遊戲 也說不定可以?,2023-09-21T15:00:00Z,https://www.twitch.tv/shima_takasato,
d407b30c72a841bd82af1f5cc8ec0667,upcoming,主委泡茶間 邀請不同類型的來賓來對談，主題依當周來賓性質而定,2023-09-22T01:00:00Z,https://www.twitch.tv/chiveswang_vtuber,
c29bc8bf78dd417980491f19333c8fa2,upcoming,工作雜談,2023-09-22T04:00:00Z,https://www.twitch.tv/muling0606,
9e6e69bfb48e4be0a8eecc737a6a0ba1,upcoming,週五下午可能唱唱,2023-09-22T05:00:00Z,https://www.twitch.tv/aster_ur,
b3e0bc9dd06f4774b492e6d50dd92be2,upcoming,,2023-09-22T07:17:00Z,https://www.twitch.tv/setsumu1207,
fcb4d9b8cd4a49dba6b421d97c179065,upcoming,練槍啦~!(*‘ v`*),2023-09-22T09:30:00Z,https://www.twitch.tv/mayasuzume,
4efffd7632e94c9faad30a543c3e1150,upcoming,,2023-09-22T11:30:00Z,https://www.twitch.tv/aveza_manon,
6d76e6b27f164061a216ec2831bd8dd3,upcoming,日常塔！,2023-09-22T12:00:00Z,https://www.twitch.tv/eihraz,
091ac99f10804fe3b417a0f285731b4e,upcoming,咪米黑白講,2023-09-22T12:00:00Z,https://www.twitch.tv/umamixchami,
6bf231719d5e485fa0cdee99905858d4,upcoming,雜談或是治癒小遊戲,2023-09-22T12:00:00Z,https://www.twitch.tv/xiaoke0109,
31a4ca5b5d554c13902eff32302e5eb9,upcoming,,2023-09-22T12:00:00Z,https://www.twitch.tv/chiyouboss,
2af6cb0e15ce4839ba711b47608d4f4d,upcoming,【Art】畫畫,2023-09-22T14:00:00Z,https://www.twitch.tv/moyu_moyu,
abda6c94394b47ba885c34417e3a4d08,upcoming,【🔴Live】雑談 ! 正太貓貓的伴眠時間 ! / 伊沢悠人,2023-09-22T15:00:00Z,https://www.twitch.tv/izawayuuto0726,
b96f58f4373a4b65977afe5f2829e9e4,upcoming,プロセカ,2023-09-22T15:00:00Z,https://www.twitch.tv/cieloneve_,
f6a4e7aa8d0c4e5cb39d199845ec4d02,upcoming,APEX特化,2023-09-22T17:00:00Z,https://www.twitch.tv/vtuber_amiru,
9e6e69bfb48e4be0a8eecc737a6a0ba1,upcoming,週六半夜也可能唱唱,2023-09-22T17:00:00Z,https://www.twitch.tv/aster_ur,
c29bc8bf78dd417980491f19333c8fa2,upcoming,工作雜談,2023-09-23T04:00:00Z,https://www.twitch.tv/muling0606,
cef544ae38ec4c03ad337e68e2d885f4,upcoming,Apex or osu chat,2023-09-23T04:00:00Z,https://www.twitch.tv/ilzenkion1,
31a4ca5b5d554c13902eff32302e5eb9,upcoming,,2023-09-23T05:00:00Z,https://www.twitch.tv/chiyouboss,
5f9ded46df28474bbd1470d761700f30,upcoming,[Not stream] Join us on VRChat!,2023-09-23T07:00:00Z,https://www.twitch.tv/fuyukisakura,
6bf231719d5e485fa0cdee99905858d4,upcoming,雜談或小遊戲，偶爾會開ASMR,2023-09-23T12:00:00Z,https://www.twitch.tv/xiaoke0109,
5535c9524eb046c38e172ebfa06b302f,upcoming,,2023-09-23T13:00:00Z,https://www.twitch.tv/ruroroisme,
9643c650b1804107b85de1f08010aa9d,upcoming,日本麻將 雀魂 一番街 努力段位中,2023-09-23T13:00:00Z,https://www.twitch.tv/otonashikoi,
8b732f3260e0427f9cf795b93ada310a,upcoming,【潛水員戴夫DAVE THE DIVER】來去當壽司師傅啦！潛水訓練營＃1✦ 普拉祈娜・vtuber,2023-09-23T14:00:00Z,https://www.twitch.tv/platinach,
b96f58f4373a4b65977afe5f2829e9e4,upcoming,,2023-09-23T15:00:00Z,https://www.twitch.tv/cieloneve_,
34973abcef4e41b29add2b476ce0a7fb,upcoming,"今日感謝瑾瑜邀請到幼幼相見歡進行雜談,對於自己休息一個月後歸來看到自己的情況...,只能說百感交集",2023-09-23T16:00:00Z,https://www.twitch.tv/sweetcat_10450077,
2450f1c7cf8f46c8aa30afaa922c9642,upcoming,最近都是突發,2023-09-23T21:25:00Z,https://www.twitch.tv/setsurei0227,
2af6cb0e15ce4839ba711b47608d4f4d,upcoming,,2023-09-24T01:00:00Z,https://www.twitch.tv/moyu_moyu,
5535c9524eb046c38e172ebfa06b302f,upcoming,,2023-09-24T11:00:00Z,https://www.twitch.tv/ruroroisme,
6d76e6b27f164061a216ec2831bd8dd3,upcoming,週日Rimworld時間!,2023-09-24T12:00:00Z,https://www.twitch.tv/eihraz,
6bf231719d5e485fa0cdee99905858d4,upcoming,雜談或小遊戲，偶爾會開ASMR,2023-09-24T12:00:00Z,https://www.twitch.tv/xiaoke0109,
7de64f4deb0946baa8d6b0da69699194,upcoming,繪圖台！繪製中獎觀眾的插圖！,2023-09-24T12:00:00Z,https://www.twitch.tv/jellyfishanang,
57843e9c870647729c2438a7a7077008,upcoming,集合吧～歌回的時間到了哦～,2023-09-24T12:00:00Z,https://www.twitch.tv/ainohikaru,
a0467c81a3014fbf83029acffe5b1d3f,upcoming,每週例行麻將大會！歡迎觀眾參加,2023-09-24T12:30:00Z,https://www.twitch.tv/najathepangolin,
9643c650b1804107b85de1f08010aa9d,upcoming,日本麻將 雀魂 一番街 努力段位中,2023-09-24T13:00:00Z,https://www.twitch.tv/otonashikoi,
823311ac8226476e8d1e323f536bf8b1,upcoming,下午14:00~17:30在主委的V曲龍虎榜 深夜雜談做週表~~,2023-09-24T17:30:00Z,https://www.twitch.tv/kujosenko,
5f9ded46df28474bbd1470d761700f30,upcoming,一周開始的運動 / Boot up the week with Exercise 😈,2023-09-25T10:00:00Z,https://www.twitch.tv/fuyukisakura,
091ac99f10804fe3b417a0f285731b4e,upcoming,瑪搽瘋遊戲-在YT喔,2023-09-25T11:00:00Z,https://www.twitch.tv/umamixchami,
a89f7ee46cc14dff93675ce5bb82a692,upcoming,藍色星期一有藍色小妖精✨,2023-09-25T11:30:00Z,https://www.twitch.tv/eveliacridland,
31a4ca5b5d554c13902eff32302e5eb9,upcoming,,2023-09-25T12:00:00Z,https://www.twitch.tv/chiyouboss,
57843e9c870647729c2438a7a7077008,upcoming,集合吧～歌回的時間到了哦～,2023-09-25T12:00:00Z,https://www.twitch.tv/ainohikaru,
5b85294949544a5f8855715acadf66a5,upcoming,✦ ✧ ✦週一讀書夜，島嶼擱淺：黑日雨✦ ✧ ✦,2023-09-25T14:30:00Z,https://www.twitch.tv/cesium_cat,
d407b30c72a841bd82af1f5cc8ec0667,upcoming,台V好聲音 - 介紹你可能不知道的台灣 VTuber 們，從美妙歌聲到獨特個性，不知道從何˙看起的最佳入門選擇,2023-09-26T01:00:00Z,https://www.twitch.tv/chiveswang_vtuber,
428251b7832a48219276fb6e5f644e86,upcoming,當個不老不新的獵人(順便拜託你們多留言),2023-09-26T02:00:00Z,https://www.twitch.tv/karami086,
e41bf48a09d64e4aa3d96064a9a63b08,upcoming,【魔物獵人:崛起】魔物獵人PC打起來٩(◦`꒳´◦)۶自由參加場,2023-09-26T12:00:00Z,https://www.twitch.tv/azuchiron,
8f12066334ed4c4dae19ca1152781e59,upcoming,圖奇初見瓦羅蘭！！！！！七夕配槍槍！！！！wooniya！！！,2023-09-26T12:00:00Z,https://www.twitch.tv/hinamorirabi,
9272afe9ef72434082d9b5621857afd0,upcoming,【懷舊系列遊戲】失戀換男友＝結婚？貓姬若的最後時光 | 新式PK陪聊型Vtuber遊戲直播,2023-09-26T12:30:00Z,https://www.twitch.tv/gilma04,
4c34c44a98974b709f7dbc7618847fd6,upcoming,嘎嘎嘎,2023-09-26T13:00:00Z,https://www.twitch.tv/5l5l3,
28e6f7c12a3b45899e7508058f926af9,upcoming,鐵駒行動/黑暗時刻週二固定團 Raiding Tuesday,2023-09-26T13:30:00Z,https://www.twitch.tv/phivy,
2af6cb0e15ce4839ba711b47608d4f4d,upcoming,【Art】畫畫,2023-09-26T14:00:00Z,https://www.twitch.tv/moyu_moyu,
025ce8dccaa4466c80061aa308c378c3,upcoming,#晚安新聞台 #晚安故事 ｜ 現在是什麼世道呢？我所見所聞與自身體認到的內容，希望能在更新這個世界的新知同時也跟各位談談對於這些事情的看法。,2023-09-26T15:00:00Z,https://www.twitch.tv/shima_takasato,
7a9b7ab0d5bd411195d77800ff778a90,upcoming,沒有固定時間,2023-09-27T04:00:00Z,https://www.twitch.tv/1128wedge,
428251b7832a48219276fb6e5f644e86,upcoming,打龍啦(順便拜託你們多留言),2023-09-27T06:00:00Z,https://www.twitch.tv/karami086,
091ac99f10804fe3b417a0f285731b4e,upcoming,烏瑪咪x搽米無限系-在YT喔,2023-09-27T11:00:00Z,https://www.twitch.tv/umamixchami,
228427b15b964f1396b5a7b5eb224a21,upcoming,Asteria配音時間，一起來聽劇本、閒聊吧！,2023-09-27T12:00:00Z,https://www.twitch.tv/asterialive0503,
444dcf020b27400087d2b2b21135033c,upcoming,林間盃日麻,2023-09-27T12:00:00Z,https://www.twitch.tv/v_hanasakiayame,
8b732f3260e0427f9cf795b93ada310a,upcoming,【萊莎的鍊金工房 ～常闇女王與秘密藏身處～】大腿我來了#2 ✦ 普拉祈娜・vtuber,2023-09-27T14:00:00Z,https://www.twitch.tv/platinach,
5f9ded46df28474bbd1470d761700f30,upcoming,美妙的舞蹈大會 / Dance with Sakura!,2023-09-28T10:00:00Z,https://www.twitch.tv/fuyukisakura,
d8b0b4e36c614d328620461a295572a1,upcoming,,2023-09-28T11:30:00Z,https://www.twitch.tv/jumpshi,
0c09a69445864b44adbba11b487f9b1a,upcoming,做連動封面圖！努力開台衝門檻！,2023-09-28T11:30:00Z,https://www.twitch.tv/amane_tainan,
090be1be8d29429183e190e22fc4be22,upcoming,試試看這ㄍ功能【Ness9s奈斯糖】,2023-09-28T12:00:00Z,https://www.twitch.tv/ness9s1222,
8f12066334ed4c4dae19ca1152781e59,upcoming,APEX大逃殺！！！FEAT.都兔零、和泉冬月,2023-09-28T12:00:00Z,https://www.twitch.tv/hinamorirabi,
025ce8dccaa4466c80061aa308c378c3,upcoming,#遊戲台 #隆理在玩 ｜ 雖然我對計算有點信心，但職場中的算計我真不懂，用 #策略遊戲 與 #解謎遊戲 來磨練吧，或者 #恐怖遊戲 也說不定可以?,2023-09-28T15:00:00Z,https://www.twitch.tv/shima_takasato,
d407b30c72a841bd82af1f5cc8ec0667,upcoming,主委泡茶間 邀請不同類型的來賓來對談，主題依當周來賓性質而定,2023-09-29T01:00:00Z,https://www.twitch.tv/chiveswang_vtuber,
c29bc8bf78dd417980491f19333c8fa2,upcoming,工作雜談,2023-09-29T04:00:00Z,https://www.twitch.tv/muling0606,
9e6e69bfb48e4be0a8eecc737a6a0ba1,upcoming,週五下午可能唱唱,2023-09-29T05:00:00Z,https://www.twitch.tv/aster_ur,
b3e0bc9dd06f4774b492e6d50dd92be2,upcoming,,2023-09-29T07:17:00Z,https://www.twitch.tv/setsumu1207,
fcb4d9b8cd4a49dba6b421d97c179065,upcoming,練槍啦~!(*‘ v`*),2023-09-29T09:30:00Z,https://www.twitch.tv/mayasuzume,
4efffd7632e94c9faad30a543c3e1150,upcoming,,2023-09-29T11:30:00Z,https://www.twitch.tv/aveza_manon,
6d76e6b27f164061a216ec2831bd8dd3,upcoming,日常塔！,2023-09-29T12:00:00Z,https://www.twitch.tv/eihraz,
6bf231719d5e485fa0cdee99905858d4,upcoming,雜談或是治癒小遊戲,2023-09-29T12:00:00Z,https://www.twitch.tv/xiaoke0109,
31a4ca5b5d554c13902eff32302e5eb9,upcoming,,2023-09-29T12:00:00Z,https://www.twitch.tv/chiyouboss,
abda6c94394b47ba885c34417e3a4d08,upcoming,【🔴Live】雑談 ! 正太貓貓的伴眠時間 ! / 伊沢悠人,2023-09-29T15:00:00Z,https://www.twitch.tv/izawayuuto0726,
b96f58f4373a4b65977afe5f2829e9e4,upcoming,プロセカ,2023-09-29T15:00:00Z,https://www.twitch.tv/cieloneve_,
f6a4e7aa8d0c4e5cb39d199845ec4d02,upcoming,APEX特化,2023-09-29T17:00:00Z,https://www.twitch.tv/vtuber_amiru,
9e6e69bfb48e4be0a8eecc737a6a0ba1,upcoming,週六半夜也可能唱唱,2023-09-29T17:00:00Z,https://www.twitch.tv/aster_ur,
c29bc8bf78dd417980491f19333c8fa2,upcoming,工作雜談,2023-09-30T04:00:00Z,https://www.twitch.tv/muling0606,
cef544ae38ec4c03ad337e68e2d885f4,upcoming,Apex or osu chat,2023-09-30T04:00:00Z,https://www.twitch.tv/ilzenkion1,
15ee6c1788974e31aefed5cc023781af,upcoming,交通雜談-學生時期去的高鐵營隊,2023-09-30T07:30:00Z,https://www.twitch.tv/yunasaki_vtuber,
5535c9524eb046c38e172ebfa06b302f,upcoming,,2023-09-30T13:00:00Z,https://www.twitch.tv/ruroroisme,
9643c650b1804107b85de1f08010aa9d,upcoming,日本麻將 雀魂 一番街 努力段位中,2023-09-30T13:00:00Z,https://www.twitch.tv/otonashikoi,
8b732f3260e0427f9cf795b93ada310a,upcoming,【潛水員戴夫DAVE THE DIVER】來去當壽司師傅啦！潛水訓練營＃1✦ 普拉祈娜・vtuber,2023-09-30T14:00:00Z,https://www.twitch.tv/platinach,
b96f58f4373a4b65977afe5f2829e9e4,upcoming,,2023-09-30T15:00:00Z,https://www.twitch.tv/cieloneve_,
34973abcef4e41b29add2b476ce0a7fb,upcoming,"今日感謝瑾瑜邀請到幼幼相見歡進行雜談,對於自己休息一個月後歸來看到自己的情況...,只能說百感交集",2023-09-30T16:00:00Z,https://www.twitch.tv/sweetcat_10450077,
2450f1c7cf8f46c8aa30afaa922c9642,upcoming,最近都是突發,2023-09-30T21:25:00Z,https://www.twitch.tv/setsurei0227,
5535c9524eb046c38e172ebfa06b302f,upcoming,,2023-10-01T11:00:00Z,https://www.twitch.tv/ruroroisme,
6d76e6b27f164061a216ec2831bd8dd3,upcoming,週日Rimworld時間!,2023-10-01T12:00:00Z,https://www.twitch.tv/eihraz,
7de64f4deb0946baa8d6b0da69699194,upcoming,繪圖台！繪製中獎觀眾的插圖！,2023-10-01T12:00:00Z,https://www.twitch.tv/jellyfishanang,
57843e9c870647729c2438a7a7077008,upcoming,集合吧～歌回的時間到了哦～,2023-10-01T12:00:00Z,https://www.twitch.tv/ainohikaru,
a0467c81a3014fbf83029acffe5b1d3f,upcoming,每週例行麻將大會！歡迎觀眾參加,2023-10-01T12:30:00Z,https://www.twitch.tv/najathepangolin,
9643c650b1804107b85de1f08010aa9d,upcoming,日本麻將 雀魂 一番街 努力段位中,2023-10-01T13:00:00Z,https://www.twitch.tv/otonashikoi,
823311ac8226476e8d1e323f536bf8b1,upcoming,下午14:00~17:30在主委的V曲龍虎榜 深夜雜談做週表~~,2023-10-01T17:30:00Z,https://www.twitch.tv/kujosenko,
a89f7ee46cc14dff93675ce5bb82a692,upcoming,藍色星期一有藍色小妖精✨,2023-10-02T11:30:00Z,https://www.twitch.tv/eveliacridland,
57843e9c870647729c2438a7a7077008,upcoming,集合吧～歌回的時間到了哦～,2023-10-02T12:00:00Z,https://www.twitch.tv/ainohikaru,
5b85294949544a5f8855715acadf66a5,upcoming,✦ ✧ ✦週一讀書夜，島嶼擱淺：黑日雨✦ ✧ ✦,2023-10-02T14:30:00Z,https://www.twitch.tv/cesium_cat,
d407b30c72a841bd82af1f5cc8ec0667,upcoming,台V好聲音 - 介紹你可能不知道的台灣 VTuber 們，從美妙歌聲到獨特個性，不知道從何˙看起的最佳入門選擇,2023-10-03T01:00:00Z,https://www.twitch.tv/chiveswang_vtuber,
e41bf48a09d64e4aa3d96064a9a63b08,upcoming,【魔物獵人:崛起】魔物獵人PC打起來٩(◦`꒳´◦)۶自由參加場,2023-10-03T12:00:00Z,https://www.twitch.tv/azuchiron,
8f12066334ed4c4dae19ca1152781e59,upcoming,圖奇初見瓦羅蘭！！！！！七夕配槍槍！！！！wooniya！！！,2023-10-03T12:00:00Z,https://www.twitch.tv/hinamorirabi,
9272afe9ef72434082d9b5621857afd0,upcoming,【懷舊系列遊戲】失戀換男友＝結婚？貓姬若的最後時光 | 新式PK陪聊型Vtuber遊戲直播,2023-10-03T12:30:00Z,https://www.twitch.tv/gilma04,
4c34c44a98974b709f7dbc7618847fd6,upcoming,嘎嘎嘎,2023-10-03T13:00:00Z,https://www.twitch.tv/5l5l3,
28e6f7c12a3b45899e7508058f926af9,upcoming,鐵駒行動/黑暗時刻週二固定團 Raiding Tuesday,2023-10-03T13:30:00Z,https://www.twitch.tv/phivy,
025ce8dccaa4466c80061aa308c378c3,upcoming,#晚安新聞台 #晚安故事 ｜ 現在是什麼世道呢？我所見所聞與自身體認到的內容，希望能在更新這個世界的新知同時也跟各位談談對於這些事情的看法。,2023-10-03T15:00:00Z,https://www.twitch.tv/shima_takasato,
7a9b7ab0d5bd411195d77800ff778a90,upcoming,沒有固定時間,2023-10-04T04:00:00Z,https://www.twitch.tv/1128wedge,
228427b15b964f1396b5a7b5eb224a21,upcoming,Asteria配音時間，一起來聽劇本、閒聊吧！,2023-10-04T12:00:00Z,https://www.twitch.tv/asterialive0503,
444dcf020b27400087d2b2b21135033c,upcoming,林間盃日麻,2023-10-04T12:00:00Z,https://www.twitch.tv/v_hanasakiayame,
8b732f3260e0427f9cf795b93ada310a,upcoming,【萊莎的鍊金工房 ～常闇女王與秘密藏身處～】大腿我來了#2 ✦ 普拉祈娜・vtuber,2023-10-04T14:00:00Z,https://www.twitch.tv/platinach,
d8b0b4e36c614d328620461a295572a1,upcoming,,2023-10-05T11:30:00Z,https://www.twitch.tv/jumpshi,
0c09a69445864b44adbba11b487f9b1a,upcoming,做連動封面圖！努力開台衝門檻！,2023-10-05T11:30:00Z,https://www.twitch.tv/amane_tainan,
090be1be8d29429183e190e22fc4be22,upcoming,試試看這ㄍ功能【Ness9s奈斯糖】,2023-10-05T12:00:00Z,https://www.twitch.tv/ness9s1222,
8f12066334ed4c4dae19ca1152781e59,upcoming,APEX大逃殺！！！FEAT.都兔零、和泉冬月,2023-10-05T12:00:00Z,https://www.twitch.tv/hinamorirabi,
025ce8dccaa4466c80061aa308c378c3,upcoming,#遊戲台 #隆理在玩 ｜ 雖然我對計算有點信心，但職場中的算計我真不懂，用 #策略遊戲 與 #解謎遊戲 來磨練吧，或者 #恐怖遊戲 也說不定可以?,2023-10-05T15:00:00Z,https://www.twitch.tv/shima_takasato,
d407b30c72a841bd82af1f5cc8ec0667,upcoming,主委泡茶間 邀請不同類型的來賓來對談，主題依當周來賓性質而定,2023-10-06T01:00:00Z,https://www.twitch.tv/chiveswang_vtuber,
c29bc8bf78dd417980491f19333c8fa2,upcoming,工作雜談,2023-10-06T04:00:00Z,https://www.twitch.tv/muling0606,
9e6e69bfb48e4be0a8eecc737a6a0ba1,upcoming,週五下午可能唱唱,2023-10-06T05:00:00Z,https://www.twitch.tv/aster_ur,
b3e0bc9dd06f4774b492e6d50dd92be2,upcoming,,2023-10-06T07:17:00Z,https://www.twitch.tv/setsumu1207,
fcb4d9b8cd4a49dba6b421d97c179065,upcoming,練槍啦~!(*‘ v`*),2023-10-06T09:30:00Z,https://www.twitch.tv/mayasuzume,
4efffd7632e94c9faad30a543c3e1150,upcoming,,2023-10-06T11:30:00Z,https://www.twitch.tv/aveza_manon,
6d76e6b27f164061a216ec2831bd8dd3,upcoming,日常塔！,2023-10-06T12:00:00Z,https://www.twitch.tv/eihraz,
abda6c94394b47ba885c34417e3a4d08,upcoming,【🔴Live】雑談 ! 正太貓貓的伴眠時間 ! / 伊沢悠人,2023-10-06T15:00:00Z,https://www.twitch.tv/izawayuuto0726,
b96f58f4373a4b65977afe5f2829e9e4,upcoming,プロセカ,2023-10-06T15:00:00Z,https://www.twitch.tv/cieloneve_,
f6a4e7aa8d0c4e5cb39d199845ec4d02,upcoming,APEX特化,2023-10-06T17:00:00Z,https://www.twitch.tv/vtuber_amiru,
9e6e69bfb48e4be0a8eecc737a6a0ba1,upcoming,週六半夜也可能唱唱,2023-10-06T17:00:00Z,https://www.twitch.tv/aster_ur,
c29bc8bf78dd417980491f19333c8fa2,upcoming,工作雜談,2023-10-07T04:00:00Z,https://www.twitch.tv/muling0606,
cef544ae38ec4c03ad337e68e2d885f4,upcoming,Apex or osu chat,2023-10-07T04:00:00Z,https://www.twitch.tv/ilzenkion1,
5535c9524eb046c38e172ebfa06b302f,upcoming,,2023-10-07T13:00:00Z,https://www.twitch.tv/ruroroisme,
9643c650b1804107b85de1f08010aa9d,upcoming,日本麻將 雀魂 一番街 努力段位中,2023-10-07T13:00:00Z,https://www.twitch.tv/otonashikoi,
8b732f3260e0427f9cf795b93ada310a,upcoming,【潛水員戴夫DAVE THE DIVER】來去當壽司師傅啦！潛水訓練營＃1✦ 普拉祈娜・vtuber,2023-10-07T14:00:00Z,https://www.twitch.tv/platinach,
b96f58f4373a4b65977afe5f2829e9e4,upcoming,,2023-10-07T15:00:00Z,https://www.twitch.tv/cieloneve_,
34973abcef4e41b29add2b476ce0a7fb,upcoming,"今日感謝瑾瑜邀請到幼幼相見歡進行雜談,對於自己休息一個月後歸來看到自己的情況...,只能說百感交集",2023-10-07T16:00:00Z,https://www.twitch.tv/sweetcat_10450077,
2450f1c7cf8f46c8aa30afaa922c9642,upcoming,最近都是突發,2023-10-07T21:25:00Z,https://www.twitch.tv/setsurei0227,
5535c9524eb046c38e172ebfa06b302f,upcoming,,2023-10-08T11:00:00Z,https://www.twitch.tv/ruroroisme,
6d76e6b27f164061a216ec2831bd8dd3,upcoming,週日Rimworld時間!,2023-10-08T12:00:00Z,https://www.twitch.tv/eihraz,
7de64f4deb0946baa8d6b0da69699194,upcoming,繪圖台！繪製中獎觀眾的插圖！,2023-10-08T12:00:00Z,https://www.twitch.tv/jellyfishanang,
57843e9c870647729c2438a7a7077008,upcoming,集合吧～歌回的時間到了哦～,2023-10-08T12:00:00Z,https://www.twitch.tv/ainohikaru,
a0467c81a3014fbf83029acffe5b1d3f,upcoming,每週例行麻將大會！歡迎觀眾參加,2023-10-08T12:30:00Z,https://www.twitch.tv/najathepangolin,
9643c650b1804107b85de1f08010aa9d,upcoming,日本麻將 雀魂 一番街 努力段位中,2023-10-08T13:00:00Z,https://www.twitch.tv/otonashikoi,
823311ac8226476e8d1e323f536bf8b1,upcoming,下午14:00~17:30在主委的V曲龍虎榜 深夜雜談做週表~~,2023-10-08T17:30:00Z,https://www.twitch.tv/kujosenko,
a89f7ee46cc14dff93675ce5bb82a692,upcoming,藍色星期一有藍色小妖精✨,2023-10-09T11:30:00Z,https://www.twitch.tv/eveliacridland,
57843e9c870647729c2438a7a7077008,upcoming,集合吧～歌回的時間到了哦～,2023-10-09T12:00:00Z,https://www.twitch.tv/ainohikaru,
5b85294949544a5f8855715acadf66a5,upcoming,✦ ✧ ✦週一讀書夜，島嶼擱淺：黑日雨✦ ✧ ✦,2023-10-09T14:30:00Z,https://www.twitch.tv/cesium_cat,
d407b30c72a841bd82af1f5cc8ec0667,upcoming,台V好聲音 - 介紹你可能不知道的台灣 VTuber 們，從美妙歌聲到獨特個性，不知道從何˙看起的最佳入門選擇,2023-10-10T01:00:00Z,https://www.twitch.tv/chiveswang_vtuber,
e41bf48a09d64e4aa3d96064a9a63b08,upcoming,【魔物獵人:崛起】魔物獵人PC打起來٩(◦`꒳´◦)۶自由參加場,2023-10-10T12:00:00Z,https://www.twitch.tv/azuchiron,
8f12066334ed4c4dae19ca1152781e59,upcoming,圖奇初見瓦羅蘭！！！！！七夕配槍槍！！！！wooniya！！！,2023-10-10T12:00:00Z,https://www.twitch.tv/hinamorirabi,
9272afe9ef72434082d9b5621857afd0,upcoming,【懷舊系列遊戲】失戀換男友＝結婚？貓姬若的最後時光 | 新式PK陪聊型Vtuber遊戲直播,2023-10-10T12:30:00Z,https://www.twitch.tv/gilma04,
4c34c44a98974b709f7dbc7618847fd6,upcoming,嘎嘎嘎,2023-10-10T13:00:00Z,https://www.twitch.tv/5l5l3,
28e6f7c12a3b45899e7508058f926af9,upcoming,鐵駒行動/黑暗時刻週二固定團 Raiding Tuesday,2023-10-10T13:30:00Z,https://www.twitch.tv/phivy,
025ce8dccaa4466c80061aa308c378c3,upcoming,#晚安新聞台 #晚安故事 ｜ 現在是什麼世道呢？我所見所聞與自身體認到的內容，希望能在更新這個世界的新知同時也跟各位談談對於這些事情的看法。,2023-10-10T15:00:00Z,https://www.twitch.tv/shima_takasato,
7a9b7ab0d5bd411195d77800ff778a90,upcoming,沒有固定時間,2023-10-11T04:00:00Z,https://www.twitch.tv/1128wedge,
228427b15b964f1396b5a7b5eb224a21,upcoming,Asteria配音時間，一起來聽劇本、閒聊吧！,2023-10-11T12:00:00Z,https://www.twitch.tv/asterialive0503,
444dcf020b27400087d2b2b21135033c,upcoming,林間盃日麻,2023-10-11T12:00:00Z,https://www.twitch.tv/v_hanasakiayame,
d8b0b4e36c614d328620461a295572a1,upcoming,,2023-10-12T11:30:00Z,https://www.twitch.tv/jumpshi,
0c09a69445864b44adbba11b487f9b1a,upcoming,做連動封面圖！努力開台衝門檻！,2023-10-12T11:30:00Z,https://www.twitch.tv/amane_tainan,
090be1be8d29429183e190e22fc4be22,upcoming,試試看這ㄍ功能【Ness9s奈斯糖】,2023-10-12T12:00:00Z,https://www.twitch.tv/ness9s1222,
b3e0bc9dd06f4774b492e6d50dd92be2,upcoming,,2023-10-13T07:17:00Z,https://www.twitch.tv/setsumu1207,
fcb4d9b8cd4a49dba6b421d97c179065,upcoming,練槍啦~!(*‘ v`*),2023-10-13T09:30:00Z,https://www.twitch.tv/mayasuzume,
4efffd7632e94c9faad30a543c3e1150,upcoming,,2023-10-13T11:30:00Z,https://www.twitch.tv/aveza_manon,
abda6c94394b47ba885c34417e3a4d08,upcoming,【🔴Live】雑談 ! 正太貓貓的伴眠時間 ! / 伊沢悠人,2023-10-13T15:00:00Z,https://www.twitch.tv/izawayuuto0726,
f6a4e7aa8d0c4e5cb39d199845ec4d02,upcoming,APEX特化,2023-10-13T17:00:00Z,https://www.twitch.tv/vtuber_amiru,
cef544ae38ec4c03ad337e68e2d885f4,upcoming,Apex or osu chat,2023-10-14T04:00:00Z,https://www.twitch.tv/ilzenkion1,
34973abcef4e41b29add2b476ce0a7fb,upcoming,"今日感謝瑾瑜邀請到幼幼相見歡進行雜談,對於自己休息一個月後歸來看到自己的情況...,只能說百感交集",2023-10-14T16:00:00Z,https://www.twitch.tv/sweetcat_10450077,
2450f1c7cf8f46c8aa30afaa922c9642,upcoming,最近都是突發,2023-10-14T21:25:00Z,https://www.twitch.tv/setsurei0227,
7de64f4deb0946baa8d6b0da69699194,upcoming,繪圖台！繪製中獎觀眾的插圖！,2023-10-15T12:00:00Z,https://www.twitch.tv/jellyfishanang,
a0467c81a3014fbf83029acffe5b1d3f,upcoming,每週例行麻將大會！歡迎觀眾參加,2023-10-15T12:30:00Z,https://www.twitch.tv/najathepangolin,
823311ac8226476e8d1e323f536bf8b1,upcoming,下午14:00~17:30在主委的V曲龍虎榜 深夜雜談做週表~~,2023-10-15T17:30:00Z,https://www.twitch.tv/kujosenko,
a89f7ee46cc14dff93675ce5bb82a692,upcoming,藍色星期一有藍色小妖精✨,2023-10-16T11:30:00Z,https://www.twitch.tv/eveliacridland,
5b85294949544a5f8855715acadf66a5,upcoming,✦ ✧ ✦週一讀書夜，島嶼擱淺：黑日雨✦ ✧ ✦,2023-10-16T14:30:00Z,https://www.twitch.tv/cesium_cat,
e41bf48a09d64e4aa3d96064a9a63b08,upcoming,【魔物獵人:崛起】魔物獵人PC打起來٩(◦`꒳´◦)۶自由參加場,2023-10-17T12:00:00Z,https://www.twitch.tv/azuchiron,
9272afe9ef72434082d9b5621857afd0,upcoming,【懷舊系列遊戲】失戀換男友＝結婚？貓姬若的最後時光 | 新式PK陪聊型Vtuber遊戲直播,2023-10-17T12:30:00Z,https://www.twitch.tv/gilma04,
4c34c44a98974b709f7dbc7618847fd6,upcoming,嘎嘎嘎,2023-10-17T13:00:00Z,https://www.twitch.tv/5l5l3,
28e6f7c12a3b45899e7508058f926af9,upcoming,鐵駒行動/黑暗時刻週二固定團 Raiding Tuesday,2023-10-17T13:30:00Z,https://www.twitch.tv/phivy,
7a9b7ab0d5bd411195d77800ff778a90,upcoming,沒有固定時間,2023-10-18T04:00:00Z,https://www.twitch.tv/1128wedge,
228427b15b964f1396b5a7b5eb224a21,upcoming,Asteria配音時間，一起來聽劇本、閒聊吧！,2023-10-18T12:00:00Z,https://www.twitch.tv/asterialive0503,
444dcf020b27400087d2b2b21135033c,upcoming,林間盃日麻,2023-10-18T12:00:00Z,https://www.twitch.tv/v_hanasakiayame,
d8b0b4e36c614d328620461a295572a1,upcoming,,2023-10-19T11:30:00Z,https://www.twitch.tv/jumpshi,
0c09a69445864b44adbba11b487f9b1a,upcoming,做連動封面圖！努力開台衝門檻！,2023-10-19T11:30:00Z,https://www.twitch.tv/amane_tainan,
090be1be8d29429183e190e22fc4be22,upcoming,試試看這ㄍ功能【Ness9s奈斯糖】,2023-10-19T12:00:00Z,https://www.twitch.tv/ness9s1222,
b3e0bc9dd06f4774b492e6d50dd92be2,upcoming,,2023-10-20T07:17:00Z,https://www.twitch.tv/setsumu1207,
fcb4d9b8cd4a49dba6b421d97c179065,upcoming,練槍啦~!(*‘ v`*),2023-10-20T09:30:00Z,https://www.twitch.tv/mayasuzume,
4efffd7632e94c9faad30a543c3e1150,upcoming,,2023-10-20T11:30:00Z,https://www.twitch.tv/aveza_manon,
abda6c94394b47ba885c34417e3a4d08,upcoming,【🔴Live】雑談 ! 正太貓貓的伴眠時間 ! / 伊沢悠人,2023-10-20T15:00:00Z,https://www.twitch.tv/izawayuuto0726,
f6a4e7aa8d0c4e5cb39d199845ec4d02,upcoming,APEX特化,2023-10-20T17:00:00Z,https://www.twitch.tv/vtuber_amiru,
cef544ae38ec4c03ad337e68e2d885f4,upcoming,Apex or osu chat,2023-10-21T04:00:00Z,https://www.twitch.tv/ilzenkion1,
34973abcef4e41b29add2b476ce0a7fb,upcoming,"今日感謝瑾瑜邀請到幼幼相見歡進行雜談,對於自己休息一個月後歸來看到自己的情況...,只能說百感交集",2023-10-21T16:00:00Z,https://www.twitch.tv/sweetcat_10450077,
2450f1c7cf8f46c8aa30afaa922c9642,upcoming,最近都是突發,2023-10-21T21:25:00Z,https://www.twitch.tv/setsurei0227,
7de64f4deb0946baa8d6b0da69699194,upcoming,繪圖台！繪製中獎觀眾的插圖！,2023-10-22T12:00:00Z,https://www.twitch.tv/jellyfishanang,
a0467c81a3014fbf83029acffe5b1d3f,upcoming,每週例行麻將大會！歡迎觀眾參加,2023-10-22T12:30:00Z,https://www.twitch.tv/najathepangolin,
823311ac8226476e8d1e323f536bf8b1,upcoming,下午14:00~17:30在主委的V曲龍虎榜 深夜雜談做週表~~,2023-10-22T17:30:00Z,https://www.twitch.tv/kujosenko,
a89f7ee46cc14dff93675ce5bb82a692,upcoming,藍色星期一有藍色小妖精✨,2023-10-23T11:30:00Z,https://www.twitch.tv/eveliacridland,
5b85294949544a5f8855715acadf66a5,upcoming,✦ ✧ ✦週一讀書夜，島嶼擱淺：黑日雨✦ ✧ ✦,2023-10-23T14:30:00Z,https://www.twitch.tv/cesium_cat,
e41bf48a09d64e4aa3d96064a9a63b08,upcoming,【魔物獵人:崛起】魔物獵人PC打起來٩(◦`꒳´◦)۶自由參加場,2023-10-24T12:00:00Z,https://www.twitch.tv/azuchiron,
9272afe9ef72434082d9b5621857afd0,upcoming,【懷舊系列遊戲】失戀換男友＝結婚？貓姬若的最後時光 | 新式PK陪聊型Vtuber遊戲直播,2023-10-24T12:30:00Z,https://www.twitch.tv/gilma04,
4c34c44a98974b709f7dbc7618847fd6,upcoming,嘎嘎嘎,2023-10-24T13:00:00Z,https://www.twitch.tv/5l5l3,
28e6f7c12a3b45899e7508058f926af9,upcoming,鐵駒行動/黑暗時刻週二固定團 Raiding Tuesday,2023-10-24T13:30:00Z,https://www.twitch.tv/phivy,
7a9b7ab0d5bd411195d77800ff778a90,upcoming,沒有固定時間,2023-10-25T04:00:00Z,https://www.twitch.tv/1128wedge,
228427b15b964f1396b5a7b5eb224a21,upcoming,Asteria配音時間，一起來聽劇本、閒聊吧！,2023-10-25T12:00:00Z,https://www.twitch.tv/asterialive0503,
444dcf020b27400087d2b2b21135033c,upcoming,林間盃日麻,2023-10-25T12:00:00Z,https://www.twitch.tv/v_hanasakiayame,
d8b0b4e36c614d328620461a295572a1,upcoming,,2023-10-26T11:30:00Z,https://www.twitch.tv/jumpshi,
0c09a69445864b44adbba11b487f9b1a,upcoming,做連動封面圖！努力開台衝門檻！,2023-10-26T11:30:00Z,https://www.twitch.tv/amane_tainan,
090be1be8d29429183e190e22fc4be22,upcoming,試試看這ㄍ功能【Ness9s奈斯糖】,2023-10-26T12:00:00Z,https://www.twitch.tv/ness9s1222,
b3e0bc9dd06f4774b492e6d50dd92be2,upcoming,,2023-10-27T07:17:00Z,https://www.twitch.tv/setsumu1207,
fcb4d9b8cd4a49dba6b421d97c179065,upcoming,練槍啦~!(*‘ v`*),2023-10-27T09:30:00Z,https://www.twitch.tv/mayasuzume,
4efffd7632e94c9faad30a543c3e1150,upcoming,,2023-10-27T11:30:00Z,https://www.twitch.tv/aveza_manon,
abda6c94394b47ba885c34417e3a4d08,upcoming,【🔴Live】雑談 ! 正太貓貓的伴眠時間 ! / 伊沢悠人,2023-10-27T15:00:00Z,https://www.twitch.tv/izawayuuto0726,
f6a4e7aa8d0c4e5cb39d199845ec4d02,upcoming,APEX特化,2023-10-27T17:00:00Z,https://www.twitch.tv/vtuber_amiru,
cef544ae38ec4c03ad337e68e2d885f4,upcoming,Apex or osu chat,2023-10-28T04:00:00Z,https://www.twitch.tv/ilzenkion1,
34973abcef4e41b29add2b476ce0a7fb,upcoming,"今日感謝瑾瑜邀請到幼幼相見歡進行雜談,對於自己休息一個月後歸來看到自己的情況...,只能說百感交集",2023-10-28T16:00:00Z,https://www.twitch.tv/sweetcat_10450077,
2450f1c7cf8f46c8aa30afaa922c9642,upcoming,最近都是突發,2023-10-28T21:25:00Z,https://www.twitch.tv/setsurei0227,
7de64f4deb0946baa8d6b0da69699194,upcoming,繪圖台！繪製中獎觀眾的插圖！,2023-10-29T12:00:00Z,https://www.twitch.tv/jellyfishanang,
a0467c81a3014fbf83029acffe5b1d3f,upcoming,每週例行麻將大會！歡迎觀眾參加,2023-10-29T12:30:00Z,https://www.twitch.tv/najathepangolin,
823311ac8226476e8d1e323f536bf8b1,upcoming,下午14:00~17:30在主委的V曲龍虎榜 深夜雜談做週表~~,2023-10-29T17:30:00Z,https://www.twitch.tv/kujosenko,
a89f7ee46cc14dff93675ce5bb82a692,upcoming,藍色星期一有藍色小妖精✨,2023-10-30T11:30:00Z,https://www.twitch.tv/eveliacridland,
5b85294949544a5f8855715acadf66a5,upcoming,✦ ✧ ✦週一讀書夜，島嶼擱淺：黑日雨✦ ✧ ✦,2023-10-30T14:30:00Z,https://www.twitch.tv/cesium_cat,
e41bf48a09d64e4aa3d96064a9a63b08,upcoming,【魔物獵人:崛起】魔物獵人PC打起來٩(◦`꒳´◦)۶自由參加場,2023-10-31T12:00:00Z,https://www.twitch.tv/azuchiron,
9272afe9ef72434082d9b5621857afd0,upcoming,【懷舊系列遊戲】失戀換男友＝結婚？貓姬若的最後時光 | 新式PK陪聊型Vtuber遊戲直播,2023-10-31T12:30:00Z,https://www.twitch.tv/gilma04,
4c34c44a98974b709f7dbc7618847fd6,upcoming,嘎嘎嘎,2023-10-31T13:00:00Z,https://www.twitch.tv/5l5l3,
28e6f7c12a3b45899e7508058f926af9,upcoming,鐵駒行動/黑暗時刻週二固定團 Raiding Tuesday,2023-10-31T13:30:00Z,https://www.twitch.tv/phivy,
7a9b7ab0d5bd411195d77800ff778a90,upcoming,沒有固定時間,2023-11-01T04:00:00Z,https://www.twitch.tv/1128wedge,
228427b15b964f1396b5a7b5eb224a21,upcoming,Asteria配音時間，一起來聽劇本、閒聊吧！,2023-11-01T12:00:00Z,https://www.twitch.tv/asterialive0503,
444dcf020b27400087d2b2b21135033c,upcoming,林間盃日麻,2023-11-01T12:00:00Z,https://www.twitch.tv/v_hanasakiayame,
d8b0b4e36c614d328620461a295572a1,upcoming,,2023-11-02T11:30:00Z,https://www.twitch.tv/jumpshi,
0c09a69445864b44adbba11b487f9b1a,upcoming,做連動封面圖！努力開台衝門檻！,2023-11-02T11:30:00Z,https://www.twitch.tv/amane_tainan,
090be1be8d29429183e190e22fc4be22,upcoming,試試看這ㄍ功能【Ness9s奈斯糖】,2023-11-02T12:00:00Z,https://www.twitch.tv/ness9s1222,
b3e0bc9dd06f4774b492e6d50dd92be2,upcoming,,2023-11-03T07:17:00Z,https://www.twitch.tv/setsumu1207,
fcb4d9b8cd4a49dba6b421d97c179065,upcoming,練槍啦~!(*‘ v`*),2023-11-03T09:30:00Z,https://www.twitch.tv/mayasuzume,
4efffd7632e94c9faad30a543c3e1150,upcoming,,2023-11-03T11:30:00Z,https://www.twitch.tv/aveza_manon,
abda6c94394b47ba885c34417e3a4d08,upcoming,【🔴Live】雑談 ! 正太貓貓的伴眠時間 ! / 伊沢悠人,2023-11-03T15:00:00Z,https://www.twitch.tv/izawayuuto0726,
f6a4e7aa8d0c4e5cb39d199845ec4d02,upcoming,APEX特化,2023-11-03T17:00:00Z,https://www.twitch.tv/vtuber_amiru,
cef544ae38ec4c03ad337e68e2d885f4,upcoming,Apex or osu chat,2023-11-04T04:00:00Z,https://www.twitch.tv/ilzenkion1,
34973abcef4e41b29add2b476ce0a7fb,upcoming,"今日感謝瑾瑜邀請到幼幼相見歡進行雜談,對於自己休息一個月後歸來看到自己的情況...,只能說百感交集",2023-11-04T16:00:00Z,https://www.twitch.tv/sweetcat_10450077,
2450f1c7cf8f46c8aa30afaa922c9642,upcoming,最近都是突發,2023-11-04T21:25:00Z,https://www.twitch.tv/setsurei0227,
7de64f4deb0946baa8d6b0da69699194,upcoming,繪圖台！繪製中獎觀眾的插圖！,2023-11-05T12:00:00Z,https://www.twitch.tv/jellyfishanang,
a0467c81a3014fbf83029acffe5b1d3f,upcoming,每週例行麻將大會！歡迎觀眾參加,2023-11-05T12:30:00Z,https://www.twitch.tv/najathepangolin,
823311ac8226476e8d1e323f536bf8b1,upcoming,下午14:00~17:30在主委的V曲龍虎榜 深夜雜談做週表~~,2023-11-05T17:30:00Z,https://www.twitch.tv/kujosenko,
a89f7ee46cc14dff93675ce5bb82a692,upcoming,藍色星期一有藍色小妖精✨,2023-11-06T11:30:00Z,https://www.twitch.tv/eveliacridland,
5b85294949544a5f8855715acadf66a5,upcoming,✦ ✧ ✦週一讀書夜，島嶼擱淺：黑日雨✦ ✧ ✦,2023-11-06T14:30:00Z,https://www.twitch.tv/cesium_cat,
e41bf48a09d64e4aa3d96064a9a63b08,upcoming,【魔物獵人:崛起】魔物獵人PC打起來٩(◦`꒳´◦)۶自由參加場,2023-11-07T12:00:00Z,https://www.twitch.tv/azuchiron,
9272afe9ef72434082d9b5621857afd0,upcoming,【懷舊系列遊戲】失戀換男友＝結婚？貓姬若的最後時光 | 新式PK陪聊型Vtuber遊戲直播,2023-11-07T12:30:00Z,https://www.twitch.tv/gilma04,
4c34c44a98974b709f7dbc7618847fd6,upcoming,嘎嘎嘎,2023-11-07T13:00:00Z,https://www.twitch.tv/5l5l3,
28e6f7c12a3b45899e7508058f926af9,upcoming,鐵駒行動/黑暗時刻週二固定團 Raiding Tuesday,2023-11-07T13:30:00Z,https://www.twitch.tv/phivy,
7a9b7ab0d5bd411195d77800ff778a90,upcoming,沒有固定時間,2023-11-08T04:00:00Z,https://www.twitch.tv/1128wedge,
228427b15b964f1396b5a7b5eb224a21,upcoming,Asteria配音時間，一起來聽劇本、閒聊吧！,2023-11-08T12:00:00Z,https://www.twitch.tv/asterialive0503,
444dcf020b27400087d2b2b21135033c,upcoming,林間盃日麻,2023-11-08T12:00:00Z,https://www.twitch.tv/v_hanasakiayame,
d8b0b4e36c614d328620461a295572a1,upcoming,,2023-11-09T11:30:00Z,https://www.twitch.tv/jumpshi,
0c09a69445864b44adbba11b487f9b1a,upcoming,做連動封面圖！努力開台衝門檻！,2023-11-09T11:30:00Z,https://www.twitch.tv/amane_tainan,
090be1be8d29429183e190e22fc4be22,upcoming,試試看這ㄍ功能【Ness9s奈斯糖】,2023-11-09T12:00:00Z,https://www.twitch.tv/ness9s1222,
b3e0bc9dd06f4774b492e6d50dd92be2,upcoming,,2023-11-10T07:17:00Z,https://www.twitch.tv/setsumu1207,
fcb4d9b8cd4a49dba6b421d97c179065,upcoming,練槍啦~!(*‘ v`*),2023-11-10T09:30:00Z,https://www.twitch.tv/mayasuzume,
4efffd7632e94c9faad30a543c3e1150,upcoming,,2023-11-10T11:30:00Z,https://www.twitch.tv/aveza_manon,
abda6c94394b47ba885c34417e3a4d08,upcoming,【🔴Live】雑談 ! 正太貓貓的伴眠時間 ! / 伊沢悠人,2023-11-10T15:00:00Z,https://www.twitch.tv/izawayuuto0726,
f6a4e7aa8d0c4e5cb39d199845ec4d02,upcoming,APEX特化,2023-11-10T17:00:00Z,https://www.twitch.tv/vtuber_amiru,
cef544ae38ec4c03ad337e68e2d885f4,upcoming,Apex or osu chat,2023-11-11T04:00:00Z,https://www.twitch.tv/ilzenkion1,
34973abcef4e41b29add2b476ce0a7fb,upcoming,"今日感謝瑾瑜邀請到幼幼相見歡進行雜談,對於自己休息一個月後歸來看到自己的情況...,只能說百感交集",2023-11-11T16:00:00Z,https://www.twitch.tv/sweetcat_10450077,
2450f1c7cf8f46c8aa30afaa922c9642,upcoming,最近都是突發,2023-11-11T21:25:00Z,https://www.twitch.tv/setsurei0227,
7de64f4deb0946baa8d6b0da69699194,upcoming,繪圖台！繪製中獎觀眾的插圖！,2023-11-12T12:00:00Z,https://www.twitch.tv/jellyfishanang,
a0467c81a3014fbf83029acffe5b1d3f,upcoming,每週例行麻將大會！歡迎觀眾參加,2023-11-12T12:30:00Z,https://www.twitch.tv/najathepangolin,
823311ac8226476e8d1e323f536bf8b1,upcoming,下午14:00~17:30在主委的V曲龍虎榜 深夜雜談做週表~~,2023-11-12T17:30:00Z,https://www.twitch.tv/kujosenko,
a89f7ee46cc14dff93675ce5bb82a692,upcoming,藍色星期一有藍色小妖精✨,2023-11-13T11:30:00Z,https://www.twitch.tv/eveliacridland,
5b85294949544a5f8855715acadf66a5,upcoming,✦ ✧ ✦週一讀書夜，島嶼擱淺：黑日雨✦ ✧ ✦,2023-11-13T14:30:00Z,https://www.twitch.tv/cesium_cat,
e41bf48a09d64e4aa3d96064a9a63b08,upcoming,【魔物獵人:崛起】魔物獵人PC打起來٩(◦`꒳´◦)۶自由參加場,2023-11-14T12:00:00Z,https://www.twitch.tv/azuchiron,
9272afe9ef72434082d9b5621857afd0,upcoming,【懷舊系列遊戲】失戀換男友＝結婚？貓姬若的最後時光 | 新式PK陪聊型Vtuber遊戲直播,2023-11-14T12:30:00Z,https://www.twitch.tv/gilma04,