VTuber ID,Video Type,Title,Publish Time,URL,Thumbnail URL
76165d25983b463eaa1da66c86a32b7c,live,【日常】心悸寶貝-光古戰場我想睡【靛之森Ainomori】|【夜彩Yoruro】可用7TV貼圖 因為害羞非常不感謝揪團Q_Q,2026-09-23T17:46:15Z,https://www.twitch.tv/yorurovtuber,https://static-cdn.jtvnw.net/previews-ttv/live_user_yorurovtuber-{width}x{height}.jpg
265a18972d244affae35711cfd1f9931,live,【09/24】要出門啦~出門前先來瑪奇一下.WF 星期天在金V獎的攤位 有準備禮物唷,2026-09-24T03:03:32Z,https://www.twitch.tv/mirolivetabasuko88,https://static-cdn.jtvnw.net/previews-ttv/live_user_mirolivetabasuko88-{width}x{height}.jpg
b49c2970f97b4fd4a6762b3e9ba94f8e,live,搬家前最後一開┊!訂閱折扣 !SBM !愛開台,2026-09-24T07:58:23Z,https://www.twitch.tv/maoyu220,https://static-cdn.jtvnw.net/previews-ttv/live_user_maoyu220-{width}x{height}.jpg
445a732fc0f64712b3213b4cd98fbdd3,live,【青羽まこと】✧09/24✧ 今天休息了一整天，昨天才知道這週WF，這次中秋有四天連假，突發可以開久一點，一樣處理完工作後放鬆~,2026-09-24T12:01:21Z,https://www.twitch.tv/aohanemakoto,https://static-cdn.jtvnw.net/previews-ttv/live_user_aohanemakoto-{width}x{height}.jpg
729621ce509b4641ad8cde76dec037d0,live,【09/25】加班台D12||影音抖內開放中!!!||希妮·亞里絲🤍SinnieAris✨ !yt !手機殼 !加班台規則 !希希努娃 !實體回饋,2026-09-24T12:13:53Z,https://www.twitch.tv/sinniearis,https://static-cdn.jtvnw.net/previews-ttv/live_user_sinniearis-{width}x{height}.jpg
4071b27c63424e1f9882ebe04a884586,live,୨୧ 今天是有漂亮指甲的美麗女人 ୨୧ !斗影片,2026-09-24T13:37:44Z,https://www.twitch.tv/snowwolf0627,https://static-cdn.jtvnw.net/previews-ttv/live_user_snowwolf0627-{width}x{height}.jpg
17946118c2d641819c847aba0c491e13,live,九笙 ❖ 09.24°˖✧  快中秋節了，好想吃烤肉| !點播 | 訂閱打折最後幾天了，自主訂閱層三幫幫忙~,2026-09-24T15:49:49Z,https://www.twitch.tv/kyusho9999,https://static-cdn.jtvnw.net/previews-ttv/live_user_kyusho9999-{width}x{height}.jpg
84111bbae2be41ea96c8b2f6c755f00c,live,9/24 Wirforce Day.1 監視器、隨時會改為手持鏡頭,2026-09-24T16:33:37Z,https://www.twitch.tv/hyoukakoori,https://static-cdn.jtvnw.net/previews-ttv/live_user_hyoukakoori-{width}x{height}.jpg
887b37336c9c4730809ace8b5e38df17,live,Drop掉寶🎁訂閱抽日本週邊✨歡迎+好友 ฅ ̳͒•ˑ̫• ̳͒ฅ♡｜🎀訂閱‿成為蝶寶 ⁺˳✿ ₊ !魔法工坊,2026-09-24T16:35:21Z,https://www.twitch.tv/isyourlulu,https://static-cdn.jtvnw.net/previews-ttv/live_user_isyourlulu-{width}x{height}.jpg
f2f74f42d7e44c2b8c71807abd0967f3,live,0925  /•᷅•᷄\੭ 奴婢死掉後會變什麽  早安 | !簽到 | 自主訂閲,2026-09-24T18:17:28Z,https://www.twitch.tv/mikimaruuu,https://static-cdn.jtvnw.net/previews-ttv/live_user_mikimaruuu-{width}x{height}.jpg
0024f8db99514a76bc5d5db1004c9bf4,live,ฅ՞•ﻌ•՞ฅ  想認識更多朋朋!!  (｡•̀ᴗ-)✧喜歡焰狼的記得要追追哀居 @yanlangblaze,2026-09-24T20:10:44Z,https://www.twitch.tv/yanlangblaze,https://static-cdn.jtvnw.net/previews-ttv/live_user_yanlangblaze-{width}x{height}.jpg
ed4666af39034d54913aba64cfea6f47,live,【Delta Force 】s11命運契約【蒼神子貓/VTuber】長期開台 歡迎掛台 #初見歡迎 #降落歡迎,2026-09-24T21:25:17Z,https://www.twitch.tv/aoikamikoneko,https://static-cdn.jtvnw.net/previews-ttv/live_user_aoikamikoneko-{width}x{height}.jpg
9b6ebeb957fe4fed84a5472b6b3bd13c,live,【9/25】中秋快樂 | Ft.  |  推薦、揪團 :,2026-09-25T00:07:47Z,https://www.twitch.tv/snow1544,https://static-cdn.jtvnw.net/previews-ttv/live_user_snow1544-{width}x{height}.jpg
56dc4f6ade114f04b6ed4022cfdddf55,live,【無聊台】9/25 YOYO，這是量販，有創DC跟脆也可以去看看歐,2026-09-25T00:19:21Z,https://www.twitch.tv/rice_7109,https://static-cdn.jtvnw.net/previews-ttv/live_user_rice_7109-{width}x{height}.jpg
f466201465ac40ef9f3aefc9b08a39d1,live,黑暗靈魂1 👾 @nove_exe,2026-09-25T01:00:34Z,https://www.twitch.tv/nove_exe,https://static-cdn.jtvnw.net/previews-ttv/live_user_nove_exe-{width}x{height}.jpg
2f966e51210f49ba9dce2ac90e3ada18,live,ʚ @rurii0303 ɞ 0925 `(+﹏+)′｜長期忠誠點數兌換 頭像驚喜包 10月改為Q版全身｜降落感謝,2026-09-25T01:13:17Z,https://www.twitch.tv/rurii0303,https://static-cdn.jtvnw.net/previews-ttv/live_user_rurii0303-{width}x{height}.jpg
a5773880b0f040a9abbecacf3eb0eb29,live,9/25 忘記關鬧鐘 沒睡好,2026-09-25T01:24:12Z,https://www.twitch.tv/nu1014,https://static-cdn.jtvnw.net/previews-ttv/live_user_nu1014-{width}x{height}.jpg
33ce96c886d341879ce66c4f7892c421,live,-w- 趁大家不在的時候偷玩w  音樂閒聊台 !簽到 !sr  感謝追隨掛台>_< @neneko0324,2026-09-25T01:25:07Z,https://www.twitch.tv/neneko0324,https://static-cdn.jtvnw.net/previews-ttv/live_user_neneko0324-{width}x{height}.jpg
74d00f89697a43e6801463c71fb37172,live,✝️麻優涅茲.YUU✝️/ 明日方舟：終末地｜臨時抱弗腳😈  #vtuber  #新人vtuber #台V #明日方舟終末地,2026-09-25T01:26:45Z,https://www.twitch.tv/yuu1207_ch,https://static-cdn.jtvnw.net/previews-ttv/live_user_yuu1207_ch-{width}x{height}.jpg
77364942d7f24440bbde8efa71c724df,live,"好玩,愛玩,天天玩 | 雜談聊天  | !DC  !ID | ft",2026-09-25T01:34:08Z,https://www.twitch.tv/kuroyamanekota,https://static-cdn.jtvnw.net/previews-ttv/live_user_kuroyamanekota-{width}x{height}.jpg
5718a7998f6249eeba0bf087da51c1c0,live,＜9/20＞ 感覺幾百年才難得一次假日 | 感謝追隨ヾ(≧▽≦*)o | 千追女僕裝 | @kuwonmyonun017 ft.,2026-09-25T01:43:03Z,https://www.twitch.tv/kuwonmyonun017,https://static-cdn.jtvnw.net/previews-ttv/live_user_kuwonmyonun017-{width}x{height}.jpg
e698befe9649448885d93094cd4dc6a9,live,【千夜夜】小小開，昨天發生太多事了_(:3 」∠ )_ |  @meow112233,2026-09-25T01:43:21Z,https://www.twitch.tv/meow112233,https://static-cdn.jtvnw.net/previews-ttv/live_user_meow112233-{width}x{height}.jpg
02fa128da7cc4f3aab0f1c5ee356f342,live,0925 中秋節快樂~,2026-09-25T01:52:29Z,https://www.twitch.tv/susu0510,https://static-cdn.jtvnw.net/previews-ttv/live_user_susu0510-{width}x{height}.jpg
ce4d344e37cd403cbb5325010144d393,live,【9/25】起床打瓦  紫勾勾and加班台Dayˇ25 ˇ加班轉盤，揪團轉盤   !加班台 !周邊 !抽獎 !愛寒寒   |遊戲|  @samui_gamer,2026-09-25T02:00:31Z,https://www.twitch.tv/samui_gamer,https://static-cdn.jtvnw.net/previews-ttv/live_user_samui_gamer-{width}x{height}.jpg
93a4d479e67242d58d3ff80307d3bc84,live,早安！今天聊：朋友也需要互利嗎？,2026-09-25T02:04:22Z,https://www.twitch.tv/moonku_vt,https://static-cdn.jtvnw.net/previews-ttv/live_user_moonku_vt-{width}x{height}.jpg
0471d5082a2e419786e141d6424c9150,live,今天也是超可愛伊莫日💖,2026-09-25T02:12:51Z,https://www.twitch.tv/rosie_827,https://static-cdn.jtvnw.net/previews-ttv/live_user_rosie_827-{width}x{height}.jpg
72a83f60773546dba886008320809d70,live,0925【殘酷舞台雞查員】啊我明年會到咩==！指令： !抖內影片 !抖內條 !上班收聽,2026-09-25T02:35:03Z,https://www.twitch.tv/yedda970,https://static-cdn.jtvnw.net/previews-ttv/live_user_yedda970-{width}x{height}.jpg
3e7f5f5e829e4d4baca2a8a5916d60e4,live,ꕤ、0925｜早安安 ◡̈    !簽到 !愛兔嘰 !新衣裝募資,2026-09-25T02:35:23Z,https://www.twitch.tv/raiki_raibao,https://static-cdn.jtvnw.net/previews-ttv/live_user_raiki_raibao-{width}x{height}.jpg
28e5717b1964475ca59ce02d81cb2796,live,【0925】餵我吃蛋黃酥...  ദി^.ˬ.^｜雙平台幫我掛一下｜指令：!簽到!愛貓貓!sr!歌單｜🧡,2026-09-25T02:50:34Z,https://www.twitch.tv/caroline0723333,https://static-cdn.jtvnw.net/previews-ttv/live_user_caroline0723333-{width}x{height}.jpg
caf08c74dd7b4919bca49eef394d5475,live,【怕你們覺得我無聊，但再撐一幾天我就不開台(要出遠門)了】現在訂閱有優惠，可以先退訂之後重新訂閱一次六個月最划算喔！贈訂還有超級球可以領！這些朋友在衝紫勾，我沒辦法降落，幫幫他們掛台 @shang_wolf @anchya1122 @rtea0527,2026-09-25T03:10:57Z,https://www.twitch.tv/molilyqq,https://static-cdn.jtvnw.net/previews-ttv/live_user_molilyqq-{width}x{height}.jpg
085ed0ddc3294678b9570fdbcf581c64,live,꒰(@｀꒳´)꒱ ｜09/25,2026-09-25T03:34:18Z,https://www.twitch.tv/maofuyuki,https://static-cdn.jtvnw.net/previews-ttv/live_user_maofuyuki-{width}x{height}.jpg
5bc1ba6d941e4eca868a5b33425c3262,live,†.⁺9/25˙˙˙˙˙₊·̩ 瓦豚｜!捏捏嚕嚕!好想捏嚕嚕,2026-09-25T03:39:27Z,https://www.twitch.tv/neruru_nekone,https://static-cdn.jtvnw.net/previews-ttv/live_user_neruru_nekone-{width}x{height}.jpg
063fe3c0ae714b4ea4edaf79bda5dda0,live,ʚ0925ɞ 中秋節沒人揪只能打網麻  ᕱ⑅ᕱ ⑅ @senkawarei,2026-09-25T03:47:49Z,https://www.twitch.tv/senkawarei,https://static-cdn.jtvnw.net/previews-ttv/live_user_senkawarei-{width}x{height}.jpg
19234cc590224c45912a14487f756dc5,live,9/25【WirForce 2026】久違的線下快來拿免費ㄉ貼紙！│ ˶˙ᵕ˙˶ )꜆  !懶蛋a卡 !DC !口號 !RAZER,2026-09-25T03:52:07Z,https://www.twitch.tv/venomdianh,https://static-cdn.jtvnw.net/previews-ttv/live_user_venomdianh-{width}x{height}.jpg
ec30041838214022aeb622c0851e46db,live,[EN/CH/JP] 0925♡今天烤流心月餅🥮！！！.｡*ﾟ〖欸爾〗,2026-09-25T03:57:42Z,https://www.twitch.tv/a2isonline,https://static-cdn.jtvnw.net/previews-ttv/live_user_a2isonline-{width}x{height}.jpg
00d9cb7b0bcd451999f4fd33dd84be6c,live,【阿楓轟炸】9/25_#16 黑魂2初見，請看釘選訊息勿暴雷｜這個月訂閱有折扣！｜留言「!生活費」可看滿額福利；留言「!限定」拚自主訂閱！,2026-09-25T04:00:11Z,https://www.twitch.tv/maple_1206,https://static-cdn.jtvnw.net/previews-ttv/live_user_maple_1206-{width}x{height}.jpg
3475b2087d9a4d799c10bd3ac5f45437,live,"✧云星白羽－09/25｜這週原本考慮到晚上工作不好開台，沒關係那我中午開｜注意禮貌及台規｜""砸砸""｜ @unhoshishiro",2026-09-25T04:02:23Z,https://www.twitch.tv/unhoshishiro,https://static-cdn.jtvnw.net/previews-ttv/live_user_unhoshishiro-{width}x{height}.jpg
cd38e82545b04cb8a3e047fe41f2ba40,live,✧Nyx【09/25】冷知識 你可以把起司放進冰箱 就能得到一個,2026-09-25T04:07:15Z,https://www.twitch.tv/nyx_boshi,https://static-cdn.jtvnw.net/previews-ttv/live_user_nyx_boshi-{width}x{height}.jpg
13c69e2cf2ff4dc1907bbae9a87a8c0f,live,𝟫𝟤𝟧 ◜𝜗𝜚 早瓦,2026-09-25T04:25:39Z,https://www.twitch.tv/yanyantuuwu,https://static-cdn.jtvnw.net/previews-ttv/live_user_yanyantuuwu-{width}x{height}.jpg
423dd7da92be47f4af7273c5f74efb27,live,中秋節 開心,2026-09-25T04:33:52Z,https://www.twitch.tv/fei_z,https://static-cdn.jtvnw.net/previews-ttv/live_user_fei_z-{width}x{height}.jpg
8c2f8700978045ec86bf1ade1b3e650b,live,9/25 嚴肅堅守 沒有跟人出去烤肉跟 WF 隨時換遊戲....@maonai_ma,2026-09-25T04:33:59Z,https://www.twitch.tv/maonai_ma,https://static-cdn.jtvnw.net/previews-ttv/live_user_maonai_ma-{width}x{height}.jpg
b6f68e0e323f45458752f3a7ec6a08f2,live,【月下香幽芳】WF線下想不到有突發吧【線下臺】 !沒有忘記 !蟀勾 !月下香幽芳,2026-09-25T04:42:29Z,https://www.twitch.tv/yufang_13moontroupe,https://static-cdn.jtvnw.net/previews-ttv/live_user_yufang_13moontroupe-{width}x{height}.jpg
d71e503b11d04c8a9a7ae74f5e0d9fc4,live,佖夏｜上班摸魚挖恐龍 #感謝追隨！,2026-09-25T04:42:40Z,https://www.twitch.tv/bixia1024,https://static-cdn.jtvnw.net/previews-ttv/live_user_bixia1024-{width}x{height}.jpg
23354f18e2a94c9187fd0560fd874eeb,live,【 The Mr. Rabbit Magic Show】好久沒有玩鏽湖！！！ |獻花獻果修好了！|！魔儲  !cover |,2026-09-25T04:47:21Z,https://www.twitch.tv/piscococo,https://static-cdn.jtvnw.net/previews-ttv/live_user_piscococo-{width}x{height}.jpg
88f782b3b6c6492c926f70e4a13390c9,live,0925 玩玩伊莫 可以加加401000149280 ✨9月限定桌布來了 !簽到,2026-09-25T04:49:16Z,https://www.twitch.tv/hi_imcb,https://static-cdn.jtvnw.net/previews-ttv/live_user_hi_imcb-{width}x{height}.jpg